06080505
04080110
08080205
15080314
05080312
21080918
21081322
21080239
06080512
20080507
02080115
05080813
20080206
01080124
20080108
06080530
14080502
05080203
21081235
05080115
15080730
15080746
04080327
04080312
04080313
04080303
20080221
11080107
12080501
12080481
12080731
13080309
08080134
09080210
21080223
21080331
16080307
16080514
16080129
23080210
18081710
18080304
18081005
18082414
18082004
09080124
17080101
07080401
16080701
14080301
16080301
09080201
21081201
10080201
05080501
03080402
15080601
14080201
07080501
21080701
09080202
12080401
05080401
07080601
01080701
03080301
03080101
21081101
03080401
15080701
05081001
01080702
16080401
04080301
01080501
01080101
16080101
23080201
14080401
13080201
15080301
12080402
12080301
04080501
21080702
13080401
06080101
01080202
01080703
14080102
15080514
03080419
06080215
08080307
05080410
14080611
09080317
21080510
12080710
15080418
01080612
16080206
06080113
10080411
23080114
07080508
21080826
15080417
17080211
12080125
03080420
21080211
05080607
24080102
15080707
02080411
15080105
04080506
01080511
07080406
16080302
12080706
21080601
09080301
10080202
01080102
23080202
03080302
01080502
07080502
06080501
15080401
17080201
14080202
07080602
04080302
10080401
20080201
02080401
21080101
21081102
10080103
16080504
10080303
02080204
21080607
15080509
15080304
01080109
04080107
13080208
01080709
14080204
21081208
12080707
09080411
03080108
20080205
03080107
14080306
15080408
10080208
21080609
17080111
05080704
14080209
20080415
12080419
21080713
17080212
15080715
10080506
14080409
12080204
09080423
05080905
04080509
07080304
08080206
01080118
07080610
15080515
01080117
09080422
10080507
03080116
06080608
09080424
12080420
09080209
10080508
12080421
09080425
12080126
23080115
07080611
05080806
01080613
05080110
09080318
17080114
13080410
09080426
12080601
04080413
01080419
14080325
14080223
10080327
14080121
04080210
21081230
06080621
06080236
21081132
12080457
15080436
12080325
03080344
12080456
12080458
16080419
06080239
21080329
03080136
06080240
06080623
11080211
21080927
08080429
16080527
21080522
06080624
05080321
09080335
21080928
02080446
10080518
16080423
04080122
20080530
16080137
12080612
05080523
01080230
14080230
01080538
07080522
02080408
12080703
03080130
01080316
03080436
01080604
10080205
01080304
12080411
06080106
12080307
08080105
06080107
05080404
08080403
16080505
01080708
04080105
05080202
21080608
14080304
09080307
20080402
03080311
06080204
11080113
21080307
07080204
01080614
05081005
14080106
21080523
02080362
11080154
15080738
05080322
02080363
06080231
01080201
06080601
05080204
01080403
12080115
12080116
03080411
14080507
05081003
10080106
16080606
13080210
21080507
13080209
21081210
09080310
21080506
16080607
15080611
15080410
04080309
15080203
14080104
01080110
03080111
04080307
21080505
14080103
01080512
02080412
21081108
07080407
01080210
12080416
03080109
07080103
07080105
23080109
08080404
03080414
20080304
09080108
15080610
05080106
03080209
20080101
21081209
10080504
12080414
04080308
13080406
11080116
21080610
07080104
15080409
07080506
10080306
21080203
20080404
20080506
11080117
02080315
06080507
10080108
21080910
05081102
04080310
08080204
03080207
03080412
06080109
02080314
03080208
12080504
15080510
08080109
17080207
05080205
03080210
13080407
12080708
03080413
02080109
01080608
10080406
06080705
18081401
12080308
21080911
12080309
04080507
20080102
03080211
10080408
13080104
05080505
02080205
02080108
04080109
21081110
24080106
21080612
21080707
21081107
04080108
21080204
05080504
14080508
21081109
06080208
10080210
10080107
10080211
15080205
01080111
15080708
15080411
01080607
06080506
03080110
21080611
21081304
06080209
12080117
02080414
01080305
09080107
10080209
02080316
01080609
05080306
12080415
09080106
15080204
02080413
10080407
16080109
23080205
17080112
09080311
04080202
10080307
08080110
09080312
14080406
03080312
14080506
10080212
06080606
07080208
08080308
10080112
11080114
13080206
10080405
03080204
10080503
16080404
02080310
06080706
09080412
21080912
21080708
10080213
15080412
05080801
04080405
16080716
15080430
13080222
08080401
17080102
09080304
05080301
03080408
07080504
02080311
06080704
03080409
03080205
09080308
04080306
01080107
05080703
12080412
23080110
02080317
09080409
16080704
10080104
03080105
13080207
02080409
13080103
10080206
12080114
06080605
10080207
04080404
04080106
12080704
12080113
03080206
16080506
21080503
06080403
02080106
11080115
01080208
01080605
15080606
02080410
23080106
16080107
21080808
20080405
21080205
08080111
10080109
03080415
23080206
10080214
15080709
05081004
13080105
02080206
05081103
20080508
09080204
06080210
06080508
09080109
12080417
05080405
17080208
05080307
06080404
11080118
16080306
01080513
08080305
05080206
21080206
23080111
01080119
08080412
01080407
02080114
08080207
06080306
12080423
15080622
21081116
09080320
20080310
03080421
13080411
06080513
12080205
14080612
10080412
12080422
20080104
06080217
03080318
16080115
11080121
24080110
01080615
20080514
21081306
04080111
05080210
06080216
14080510
11080407
11080406
07080612
09080113
09080428
21080212
05080310
12080602
09080319
03080422
12080128
10080509
03080117
15080208
14080411
20080513
21080806
05080111
02080213
03080213
09080427
21080108
14080410
13080112
08080115
05080705
10080413
21080830
04080511
06080609
04080314
05080112
06080408
16080114
16080610
14080613
11080122
01080120
04080510
02080322
12080311
17080217
15080716
12080127
02080323
02080324
23080211
02080116
21080311
02080325
11080408
02080117
05080807
24080111
12080424
07080106
09080218
21081130
06080131
17080125
01080630
13080424
05080422
21080118
21080517
09080329
23080125
04080412
06080715
01080629
11080146
15080642
13080223
15080432
10080225
15080431
10080323
12080608
02080437
09080219
12080452
15080731
09080454
21080224
06080232
05080423
04080526
20080426
24080120
21080325
10080422
06080716
05081114
03080433
16080213
01080136
03080235
14080624
06080313
14080219
03080432
02080438
02080439
21080725
21080922
10080223
20080118
12080143
11080411
05080712
12080716
14080116
02080136
13080322
15080641
14080622
05080319
07080111
16080212
06080618
10080226
06080314
02080347
01080523
20080217
08080319
14080522
10080224
20080216
10080324
16080521
12080453
23080229
04080120
14080218
11080147
17080218
15080109
21080724
07080625
05080217
14080322
14080523
14080623
08080422
15080643
23080124
08080421
09080330
08080212
05080912
06080132
05080424
14080118
04080527
14080117
15080529
16080520
02080230
10080325
14080323
10080227
15080313
20080524
12080144
08080322
14080420
14080225
13080125
05080913
04080532
11080416
09080462
11080155
02080144
04080211
15080535
07080423
01080531
06080241
23080231
24080124
21080126
11080415
16080528
08080430
13080126
20080531
12080719
15080739
24080125
16080138
14080625
02080237
16080617
10080519
07080523
01080421
21080827
10080229
03080438
12080159
12080331
14080133
02080312
09080340
08080325
16080720
12080153
07080314
03080439
16080618
12080720
20080532
10080330
15080440
03080243
14080226
02080364
07080629
06080717
21081232
21080127
06080718
02080145
21080729
01080422
20080223
12080211
10080426
23080232
17080215
09080463
15080740
12080154
17080133
03080137
07080424
01080526
09080457
07080422
23080129
05080515
20080220
23080128
15080736
08080130
09080121
21080122
16080526
20080120
01080140
02080140
09080456
17080130
17080129
16080132
21080819
12080459
01080726
04080529
02080235
21080123
08080425
12080145
06080136
21080519
03080345
13080123
01080220
01080527
06080137
16080718
11080149
08080131
05080914
06080502
01080504
02080402
15080602
14080602
13080402
01080103
15080603
13080307
20080509
01080306
03080416
09080313
12080203
09080413
12080119
21081111
15080413
09080314
03080113
07080608
21080207
14080308
03080112
16080110
21081211
01080112
04080203
08080405
01080610
04080406
15080612
07080303
06080708
10080308
15080206
16080406
12080709
24080108
13080408
14080307
09080205
15080613
14080607
01080611
13080108
21080913
13080107
02080207
10080310
06080707
07080507
15080614
03080212
09080414
02080318
03080114
20080406
21080105
16080608
12080121
20080207
21080309
05080802
15080615
05080803
10080309
06080405
12080120
16080407
07080206
21080508
20080510
16080111
24080107
09080110
10080215
08080112
02080111
12080118
13080106
01080710
04080528
09080220
03080434
14080524
03080337
02080348
21080623
06080133
05080218
02080349
14080220
15080110
05080812
02080231
21080624
03080338
05080608
10080510
01080616
05080211
12080506
16080116
04080112
01080617
11080124
14080210
11080123
01080122
02080118
06080514
03080319
02080214
01080123
01080408
01080121
10080312
14080412
20080311
01080307
08080413
14080310
15080305
23080116
15080623
13080412
01080711
05081106
21080119
07080212
01080137
16080522
12080146
09080221
24080122
15080532
09080222
03080239
02080137
21080225
15080732
09080403
03080303
15080403
09080402
05080302
17080103
16080402
16080403
04080103
06080401
11080103
16080103
23080102
11080102
15080501
09080104
07080520
16080523
17080126
14080221
13080429
20080431
11080310
23080212
20080218
20080322
21080120
01080314
09080341
01080225
07080634
08080436
14080428
20080434
16080531
12080509
21081139
16080142
14080629
03080249
21080931
01080539
07080531
06080428
20080538
01080209
14080606
14080405
14080525
16080616
21081316
21081320
10080238
04080540
06080201
17080110
15080616
15080617
16080112
12080122
03080417
05081104
10080409
09080415
12080312
15080530
13080224
03080444
01080535
05081115
15080224
07080639
12080425
16080309
01080618
16080308
14080511
09080321
05080509
21080313
15080306
06080114
09080429
08080116
09080430
01080621
03080423
21080213
06080219
16080509
23080215
07080510
12080603
16080313
04080115
02080422
09080114
14080513
14080413
05080508
05080311
12080129
01080214
21080616
20080517
15080720
14080107
02080326
11080205
21080717
05080512
07080412
15080421
20080105
02080215
07080613
03080214
07080614
05081108
03080215
13080215
20080518
13080114
12080428
09080115
08080415
17080115
02080423
21080111
21081310
12080131
21080714
01080712
01080409
07080615
11080303
01080714
05080510
21080312
10080414
14080311
08080118
15080718
08080208
04080204
21080214
12080130
12080206
01080308
13080213
04080113
13080414
06080115
15080626
04080114
01080410
01080517
21080109
07080305
13080214
21081219
01080715
03080118
12080604
06080410
12080431
16080709
06080218
15080419
14080512
20080515
20080516
01080619
21080615
13080415
11080128
02080119
07080616
01080309
16080707
21080511
16080117
12080314
10080218
14080614
03080119
16080411
16080312
11080125
12080429
12080316
07080511
10080315
15080516
05081109
03080320
02080121
21080915
11080126
07080413
01080126
06080117
03080424
17080204
12080317
09080433
20080312
08080120
12080133
21080716
15080719
14080314
03080120
05080808
10080219
12080318
21080828
09080116
04080206
15080717
02080420
20080416
21080314
18082917
04080512
01080713
23080213
16080118
21080110
21080715
10080314
20080106
06080116
09080431
06080409
21080916
21080917
12080430
05080706
05080411
02080328
16080510
14080109
01080623
02080330
05080511
12080313
13080413
12080426
23080117
15080624
08080309
05080213
21081119
21080315
06080118
14080315
20080417
16080120
20080519
12080432
11080129
05080809
05080513
20080107
01080622
12080132
01080127
12080605
11080304
17080203
21081308
13080115
12080315
21080617
14080515
13080113
10080511
16080410
02080216
04080205
08080117
15080420
21081309
11080130
21080718
15080422
11080127
02080122
06080220
14080108
07080512
06080221
24080112
09080322
08080119
21081117
02080421
07080509
02080120
02080327
10080316
08080414
16080119
03080216
03080321
10080317
01080125
06080610
02080217
24080113
23080217
20080418
02080424
21081118
05081006
20080209
04080513
16080310
14080313
02080331
01080620
21080618
21081220
05080212
09080323
14080514
21081307
23080214
05081107
06080710
21080809
01080411
16080708
04080514
23080216
21081221
10080313
16080311
15080625
15080517
08080310
14080615
16080512
05080412
14080312
12080427
15080627
16080511
02080329
23080118
03080217
14080328
06080528
14080329
01080231
15080751
16080324
02080155
15080545
06080249
14080134
10080340
11080164
11080419
09080346
07080118
08080333
01080423
16080619
20080224
12080721
10080331
07080114
09080224
20080325
13080431
15080741
05080119
07080630
15080647
10080427
05080713
06080421
15080112
11080156
03080348
14080626
01080424
21080821
14080527
17080135
02080366
04080533
20080534
10080119
21080330
08080133
13080430
21080525
21080802
12080327
21080524
23080131
12080464
12080326
07080116
13080127
16080214
05080613
11080307
08080431
05081009
02080367
10080332
07080525
12080462
15080113
12080722
07080524
04080212
15080219
15080316
21081136
14080123
15080536
07080214
01080142
20080533
07080115
13080128
15080742
05080120
07080315
12080463
21080128
17080134
15080220
08080326
06080719
21081135
01080728
05080817
10080428
02080365
16080424
20080125
15080441
15080743
21080229
03080138
16080620
21081317
21080336
21080731
13080230
06080142
01080542
14080608
02080415
05080506
06080304
07080408
23080112
15080653
01080226
01080546
01080430
04080333
13080331
01080153
02080384
06080150
12080340
21080934
21080340
03080258
12080480
10080126
16080724
16080725
07080112
13080323
14080222
01080731
03080339
02080372
07080317
09080347
10080101
10080501
04080201
02080102
15080404
14080603
17080202
06080622
06080417
16080420
06080237
14080224
21080226
21080327
11080150
15080533
20080429
07080628
01080141
01080632
20080121
12080147
15080111
03080240
01080624
01080416
08080320
20080526
12080155
06080429
03080448
17080209
04080213
03080445
21080131
05080222
13080227
02080242
15080745
05080819
07080218
04080541
13080434
21081321
24080129
14080132
15080543
13080435
04080329
13080130
12080467
03080250
10080239
07080528
03080145
03080446
07080529
15080654
24080130
04080124
21081140
14080131
13080228
09080470
13080131
15080322
03080350
08080137
02080373
06080245
23080233
03080253
16080143
01080227
20080511
08080406
20080407
07080409
20080408
14080105
12080505
14080408
21081112
01080405
04080311
01080211
07080207
13080211
08080409
02080417
15080618
13080308
23080113
09080207
16080706
10080505
10080216
02080416
21081305
06080607
09080416
08080113
21080914
02080319
03080313
20080208
01080514
06080111
17080210
06080110
21081113
11080203
14080407
01080515
21080208
15080512
01080113
08080407
09080206
03080115
21080709
01080516
20080409
05080904
08080114
23080208
16080408
21080106
02080418
23080207
05080406
05081105
14080205
14080206
21081212
15080712
11080119
01080406
09080417
05080604
21080804
16080705
21080310
16080204
15080207
05080605
20080512
13080109
15080619
21080710
02080208
06080211
05080603
15080710
11080120
21081213
04080508
14080609
05080107
01080404
01080114
09080315
15080414
15080620
15080415
20080410
09080111
08080408
10080217
02080209
07080410
05080407
15080711
24080109
06080510
12080123
21080619
05080413
14080414
13080116
10080114
01080716
24080114
04080409
06080515
20080210
15080307
16080121
07080107
01080717
01080310
21081120
02080336
21080512
02080332
04080408
10080512
21080113
12080134
14080110
23080218
15080628
12080436
04080515
05080414
09080117
09080213
12080207
10080318
14080616
03080219
08080312
21080816
15080309
12080437
02080220
15080310
07080209
12080135
12080711
11080131
16080122
01080518
04080207
21080620
13080311
10080415
10080416
21080513
15080722
09080324
10080417
10080319
02080219
02080123
16080315
02080334
09080212
17080213
02080426
15080518
12080434
06080517
09080437
20080420
04080315
07080617
02080425
14080617
21080112
02080124
06080223
05080113
09080118
15080423
08080121
05080707
06080119
08080311
16080314
15080629
09080434
01080519
20080520
02080333
10080513
17080117
11080132
15080425
01080520
11080134
03080324
16080207
16080513
12080319
06080120
15080630
04080208
06080222
14080316
09080435
06080611
13080416
21080215
01080718
08080122
20080109
06080121
09080436
15080424
05080313
02080218
15080721
17080116
11080409
03080322
17080205
17080118
02080335
08080417
02080427
07080415
21080114
14080618
06080711
03080218
05080708
12080433
05080906
16080208
21080316
15080723
15080724
11080133
14080516
01080215
13080216
20080521
02080125
12080435
20080313
03080220
12080438
21080817
15080308
08080416
06080516
11080135
02080428
05080907
04080516
03080323
04080209
07080414
21080317
03080122
21080621
07080618
23080220
09080211
08080313
06080122
21081311
23080219
15080311
01080412
14080211
05080415
15080519
15080107
21081222
20080110
16080412
07080513
06080307
10080418
02080337
03080121
07080416
03080221
15080520
13080217
02080338
06080712
01080413
06080518
21080115
12080320
21081223
02080339
20080111
21080216
20080421
13080312
12080441
20080112
07080417
11080410
07080619
15080725
13080314
21080319
20080211
12080136
13080313
16080316
09080325
03080223
21080720
07080516
06080713
21081121
05080114
05080416
12080137
12080439
13080417
20080113
03080325
20080422
23080221
07080514
23080222
21080217
21080318
02080429
01080719
09080438
16080413
11080137
03080222
21080218
24080115
23080119
06080308
21080801
16080611
14080517
20080314
15080521
03080224
24080116
02080340
15080209
02080221
02080222
21081122
14080111
06080309
12080440
05080609
05080709
16080710
21080219
07080306
08080124
13080418
04080517
09080439
11080136
07080515
03080326
10080419
14080112
05080214
12080714
20080315
05080610
20080423
01080128
12080712
12080442
16080209
05080908
08080123
16080123
14080619
12080713
06080123
04080518
15080522
16080612
02080126
05081007
03080327
02080232
01080723
12080323
16080717
20080427
20080323
20080219
07080213
08080128
12080507
02080138
01080417
11080148
14080119
01080138
01080631
11080209
16080128
02080350
13080225
13080324
04080414
05080814
09080458
10080228
01080317
12080148
04080416
10080333
14080528
01080318
03080139
03080140
10080341
10080429
16080139
10080230
07080526
21080132
02080453
05080714
12080212
10080522
24080131
06080246
06080247
20080128
12080160
02080151
02080454
05080223
03080146
10080338
12080611
17080136
02080150
21080932
15080747
08080437
11080163
12080332
21080333
09080342
07080316
11080311
06080149
14080536
01080151
01080545
12080339
15080733
08080423
03080340
12080717
01080724
20080527
12080149
04080326
21080124
14080326
12080156
24080127
01080222
20080126
03080440
07080631
24080126
07080527
16080409
03080314
20080411
08080101
08080302
05081002
15080101
05080701
01080505
16080104
13080304
01080704
16080601
09080112
16080507
05080507
16080508
12080124
21080107
02080210
08080410
21080711
12080310
09080419
02080320
05080108
06080212
02080211
15080621
06080511
03080315
02080321
14080610
15080713
05080408
15080416
18083216
06080406
16080113
20080412
01080115
05080207
21080209
10080110
14080509
13080110
05080208
08080306
01080216
15080426
21080622
11080139
02080341
08080209
13080117
08080314
09080440
01080625
11080138
05080810
20080316
20080522
02080127
06080224
05080314
16080317
14080212
06080612
05080611
09080441
16080124
02080128
07080620
11080141
01080217
11080140
20080114
03080328
03080425
02080430
15080210
14080113
05080315
14080317
06080411
05080417
17080119
15080523
04080316
03080225
01080311
01080131
01080129
04080410
14080318
04080317
12080715
16080613
05080215
01080414
01080720
05081008
01080521
21080320
01080130
04080519
15080726
11080206
04080117
13080419
07080418
10080320
21081224
16080711
03080329
15080427
07080307
06080310
03080133
21080726
03080346
07080311
15080534
01080221
16080133
14080122
13080124
11080151
05080117
21080727
02080238
02080239
10080334
10080120
14080124
23080235
15080752
06080430
20080129
02080158
12080161
05080431
20080442
20080542
20080130
16080535
15080547
16080149
14080636
12080478
21080531
06080725
09080476
24080134
16080325
21080339
13080440
23080240
01080152
21081143
06080320
06080726
14080430
04080332
15080449
02080368
06080139
01080642
12080614
16080145
10080438
05080329
04080126
05080402
21080301
12080103
01080104
17080104
21080613
08080418
10080304
21081204
01080203
01080401
13080101
12080104
16080202
02080302
21080904
17080106
15080504
10080403
07080201
14080101
21080818
13080305
12080403
03080304
15080503
16080602
10080402
06080102
01080506
21081104
06080703
13080203
10080203
07080402
05080201
02080103
14080604
16080502
01080301
03080308
01080302
11080201
21081103
21080902
08080102
21080201
02080403
16080501
05080403
05080101
07080604
07080403
12080303
21080501
02080303
21080901
12080407
04080104
06080402
09080404
03080305
03080103
13080204
07080202
02080304
15080104
06080202
14080302
12080302
15080406
12080406
03080201
05081101
03080306
06080103
02080305
06080603
11080301
09080406
23080203
15080506
12080109
04080403
01080402
14080402
10080102
05080901
21081205
02080404
05080902
24080103
02080202
15080405
21080602
14080403
15080703
15080502
20080202
12080201
20080502
14080203
13080403
21081207
21080705
12080304
09080405
21080906
01080603
05080102
15080702
14080501
21081302
10080302
16080603
07080301
16080305
21080603
21081206
08080201
12080202
15080407
01080601
11080104
06080701
21080202
06080604
02080405
07080605
05080303
15080505
12080106
17080107
21080303
02080104
21080813
03080405
13080205
08080402
13080102
12080105
21080302
21080502
21080825
16080203
21080604
02080406
09080203
03080310
04080402
01080509
11080202
01080303
12080701
21080605
15080605
15080705
15080704
06080602
11080106
21081105
01080507
01080508
01080706
12080107
12080408
06080104
12080306
10080502
17080108
01080106
07080203
12080409
15080103
15080706
03080407
13080404
03080309
06080702
06080301
21080905
03080404
06080503
15080102
12080108
15080507
02080306
05080602
15080302
09080103
10080204
04080504
24080104
21080803
07080607
03080406
12080110
20080303
01080510
11080111
21080706
02080308
05080104
23080204
01080204
16080303
15080604
02080203
01080602
11080110
02080407
01080205
20080302
11080108
21081106
14080404
01080705
08080202
23080103
01080105
20080401
06080105
01080206
05080903
21080306
13080405
20080203
09080305
11080105
12080404
08080303
04080502
02080201
03080307
12080405
06080504
12080305
04080401
16080304
16080503
04080304
05080502
21080907
09080102
16080604
11080109
14080503
04080503
20080503
12080702
21080305
12080111
02080250
21080606
11080302
10080404
09080408
21080103
21080104
23080104
07080606
17080206
07080503
21081303
16080703
03080202
21080704
09080407
06080302
06080203
12080410
03080203
08080203
05080702
02080307
12080502
01080207
03080104
11080112
14080303
21080102
21080304
04080505
15080303
17080109
07080302
07080404
17080105
10080231
16080605
20080504
16080405
21080504
13080306
15080202
12080503
16080108
06080108
21080308
02080313
05080304
07080505
06080205
23080107
09080309
21080909
15080607
05080305
15080608
07080205
21080824
07080102
05080105
24080105
20080505
12080468
16080431
14080630
09080127
15080119
01080536
21080334
02080152
09080225
05080519
16080216
04080542
15080655
21080233
23080234
17080137
05080123
15080645
09080459
21081242
06080727
21080631
12080413
03080410
10080305
20080204
11080405
08080106
14080505
15080508
23080108
07080405
15080609
09080410
06080303
06080206
20080305
12080418
20080306
21081214
17080220
02080236
06080242
12080328
15080318
21080230
14080423
02080146
21081318
16080320
15080317
16080529
10080430
18081525
02080147
15080319
04080123
12080610
05080220
13080436
12080337
12080613
21080134
20080328
11080165
12080215
07080429
07080636
07080119
08080138
04080419
13080132
07080121
02080374
09080471
24080132
05080326
06080141
14080229
06080525
13080229
03080251
12080470
06080529
14080631
15080753
02080156
02080375
04080214
20080539
10080244
05080524
01080643
06080146
21080338
04080407
15080548
23080140
12080732
05081014
16080436
13080310
02080419
21081215
21080712
03080316
20080307
17080113
21081239
03080255
01080543
01080323
20080440
06080147
04080331
21080823
13080425
01080139
12080324
21080923
02080351
03080236
14080324
02080233
01080725
06080233
17080219
13080426
01080212
03080418
21081216
05080915
12080723
16080146
02080247
21081241
21080238
21080136
21081240
05080614
21080834
04080534
10080335
09080336
09080464
13080327
09080337
10080431
06080124
12080208
03080125
23080120
21081123
03080126
08080315
12080444
16080210
03080124
12080443
15080312
16080614
02080129
02080431
10080328
06080418
11080152
05080320
21081133
17080131
03080347
02080356
21080227
21081231
04080530
01080529
20080222
04080415
05080219
21080228
06080315
02080357
09080332
10080425
01080528
01080633
03080241
16080719
08080323
21080925
10080424
15080217
12080460
09080223
05080516
12080150
07080312
13080427
13080325
02080382
16080147
11080169
12080162
10080105
09080105
06080207
08080107
03080330
07080517
21081225
07080621
20080318
21080832
01080626
01080627
21080721
18083234
16080515
05081110
09080442
03080331
08080316
03080226
14080138
09080443
04080318
02080432
13080122
15080433
15080434
16080130
06080619
15080213
20080428
11080412
02080352
02080441
02080442
02080440
06080416
03080237
01080524
20080324
16080524
21080518
20080119
05080425
06080134
23080230
23080126
15080214
21081131
15080215
06080524
09080122
02080141
05080221
20080535
05080427
16080621
21080129
04080535
07080637
23080236
11080420
06080628
21080527
10080124
21080528
04080545
14080632
07080318
02080456
07080430
04080546
04080330
12080338
12080729
13080437
04080420
15080446
05080820
07080319
05080715
21080135
02080379
14080534
20080329
21080235
11080421
20080436
20080435
05080430
21080236
14080633
08080139
06080723
01080146
06080629
21080814
12080471
01080540
13080330
21080732
07080431
15080447
01080641
04080547
09080473
11080166
16080434
14080135
09080474
09080228
21080812
09080230
20080541
09080229
02080457
06080724
06080144
12080472
23080237
06080250
06080145
13080438
03080449
21080733
02080245
15080657
23080238
01080147
21081236
12080474
12080473
06080143
16080144
02080380
20080438
20080437
12080730
20080229
10080241
04080548
01080644
15080122
15080123
02080460
09080129
21080530
08080216
07080432
02080157
07080640
01080324
23080139
15080448
21080805
09080475
21081141
21081142
14080635
20080331
02080248
16080218
06080319
16080148
05080330
15080546
12080163
07080320
14080137
20080544
09080477
17080140
21080629
01080325
11080170
09080478
05080124
12080479
21080137
21080628
05080125
20080543
01080232
09080479
11080167
10080242
08080439
07080638
04080536
08080432
03080441
15080442
03080349
15080537
07080632
09080123
08080327
01080143
13080432
01080729
12080465
02080148
10080336
16080530
06080625
01080636
14080227
07080425
15080538
23080132
14080126
12080329
09080465
14080125
05081010
03080442
15080539
03080141
23080133
15080320
07080120
14080330
01080645
03080254
11080168
21080529
02080459
21081237
08080103
20080413
09080420
14080207
06080112
21080210
21081114
05080606
09080421
16080609
21080509
15080513
13080111
21081217
10080311
06080305
10080410
20080414
05080209
15080106
08080411
05080308
07080609
06080213
09080316
15080714
06080407
05080109
09080208
13080212
05080804
05080805
01080213
01080116
23080209
21080130
21080625
04080537
10080232
20080225
08080433
03080252
10080437
01080429
12080475
21080337
20080330
03080147
16080435
15080658
01080149
12080476
15080450
15080120
06080630
12080477
08080140
08080215
06080431
05080525
21080734
21081323
02080383
20080230
15080659
01080544
05080331
08080141
14080535
11080422
06080251
12080615
24080117
10080220
21081124
08080125
12080138
08080419
07080108
04080319
15080631
06080316
21081134
15080218
11080210
15080437
07080521
02080444
13080326
06080138
15080737
01080530
06080419
02080358
10080516
02080359
09080466
21080929
11080417
21081319
11080308
14080627
02080149
02080447
14080127
09080467
02080142
09080333
05080815
14080422
03080242
06080317
21080520
14080421
05080118
20080122
16080134
23080130
05080612
12080461
09080461
08080426
03080437
15080438
11080153
15080315
09080334
06080238
21080328
20080123
15080439
12080210
07080313
24080123
04080531
03080135
06080420
13080428
10080329
11080413
14080526
12080151
02080360
10080517
05080426
01080634
16080135
05080816
11080414
15080646
08080324
17080132
16080136
02080445
16080421
08080132
20080430
03080134
21080831
08080440
02080309
14080504
03080426
06080214
14080208
02080212
20080424
17080120
08080321
14080605
11080403
16080105
09080306
08080104
11080404
18083006
23080105
04080305
08080304
16080205
21080614
06080709
02080113
21081218
03080317
06080226
21080919
21081125
02080342
21080722
06080225
09080214
21081126
21080920
03080127
15080632
06080412
21080321
20080523
15080727
21081226
14080213
12080445
10080221
10080321
06080519
15080633
11080142
05081111
11080143
09080444
03080227
15080524
16080125
13080218
08080317
04080118
03080332
05081112
06080125
07080210
17080121
09080445
15080734
01080315
03080238
12080209
21080820
14080419
21080326
02080354
24080121
02080139
02080353
01080525
16080131
17080127
04080324
07080627
23080127
16080525
08080129
03080341
10080515
15080644
21081229
12080455
21080521
20080528
20080124
08080427
01080635
04080121
21080125
06080720
08080135
06080422
11080158
11080157
14080628
15080649
10080520
16080622
16080623
15080648
06080140
16080624
16080426
07080633
15080114
08080329
09080468
14080128
21080930
15080115
16080425
02080448
20080127
16080427
20080326
21081233
05080121
08080328
10080233
07080215
13080328
01080319
21080924
10080423
03080343
02080355
02080443
15080735
06080234
04080325
02080234
09080455
06080135
20080525
03080342
21081315
06080620
06080235
07080113
01080418
15080216
15080531
21080121
17080128
14080120
10080326
03080132
08080424
15080435
09080331
16080422
02080143
02080361
01080420
12080718
07080117
03080244
04080417
02080369
11080159
01080223
02080240
10080234
15080221
10080121
04080328
15080321
14080529
12080157
15080651
12080508
10080235
16080428
06080423
08080136
10080432
03080443
15080650
08080213
21080626
16080321
08080330
21081234
05080518
16080140
05080517
06080243
14080530
20080327
02080449
06080424
24080128
01080532
02080370
07080411
21080811
05080309
21081312
16080712
13080315
12080213
03080256
06080148
16080534
21080240
20080308
21081115
13080409
11080204
06080227
09080119
02080343
09080120
07080211
13080219
14080214
05080710
15080728
15080428
21080723
06080520
09080326
07080622
09080446
21080322
05080711
21081127
09080447
12080446
02080223
02080224
02080344
02080130
06080613
15080634
23080223
20080425
20080319
06080614
01080134
04080119
01080312
01080628
04080320
14080518
20080320
02080131
12080606
13080118
16080211
02080433
23080224
13080420
06080228
11080305
03080333
03080228
03080427
06080126
06080127
17080123
07080623
05080418
24080118
02080434
23080225
14080114
03080428
17080122
07080308
20080212
13080316
12080140
05080317
15080635
16080713
13080321
14080319
13080317
21080220
09080327
04080523
10080116
21080807
01080415
07080624
10080117
04080321
02080435
02080345
03080128
14080415
06080413
10080514
09080215
05080316
02080226
06080128
07080420
03080232
18083236
23080226
12080451
06080521
16080414
09080448
07080419
21080116
06080130
05081113
01080721
03080429
08080210
21080324
16080318
21081313
06080522
03080229
15080729
05080514
20080214
14080519
06080617
09080217
05080116
06080414
04080525
02080225
12080139
13080318
16080615
07080518
04080411
07080309
21080117
14080215
12080607
10080322
16080518
03080230
03080334
15080637
09080328
15080528
13080220
07080110
16080417
13080121
21081314
21080221
15080638
12080141
16080416
15080211
03080335
03080430
05080419
03080231
05080318
24080119
21081128
03080233
20080117
21081227
14080621
20080115
21080815
14080115
23080121
02080132
23080122
08080318
07080109
02080228
04080323
21081228
16080714
12080142
07080310
08080420
17080214
21080516
14080418
02080135
13080421
12080447
04080322
23080123
05080420
06080311
08080211
05080421
15080527
13080120
15080212
20080116
04080524
06080616
10080222
15080525
07080421
05080910
13080119
12080450
06080230
13080320
14080520
01080219
15080108
05080911
16080519
14080521
11080144
13080422
06080229
01080313
02080134
07080519
09080452
21080810
20080213
23080227
15080429
21080222
11080145
06080312
09080449
02080346
13080423
05080909
14080416
14080216
14080321
05080811
13080319
06080129
20080215
21081129
11080306
08080126
06080714
16080517
16080516
15080526
09080451
15080639
21080833
01080722
01080135
16080418
03080336
02080227
16080715
06080415
10080421
03080234
21080323
01080218
06080523
12080448
21080515
11080207
11080208
10080118
09080216
12080449
03080431
05080216
06080615
14080417
21080921
02080436
01080522
09080453
23080228
16080127
16080126
15080640
14080320
21080514
15080636
17080124
09080450
16080319
02080133
13080221
02080229
14080620
16080415
12080322
13080433
04080538
15080744
01080533
15080222
14080129
14080424
10080236
18081237
15080116
07080216
17080216
03080142
05080323
23080134
16080215
12080466
09080338
23080135
10080339
21080234
21080237
07080532
20080443
03080257
21080933
20080131
17080138
02080385
15080660
12080112
21080908
05080503
14080634
03080450
04080125
05081013
01080150
15080754
06080631
16080217
14080136
02080246
02080381
13080439
15080121
08080428
16080429
15080443
09080125
05080324
07080217
21080231
06080626
16080721
20080226
03080246
08080434
15080223
03080245
21080232
21081137
14080425
04080539
05080325
21080822
14080531
16080322
02080450
06080627
16080141
21080332
06080425
03080143
20080432
16080323
01080320
20080536
06080318
16080722
09080339
15080541
15080540
02080371
12080724
05080122
10080122
09080469
14080426
14080228
21080526
15080652
10080337
11080160
08080331
01080637
20080231
12080164
07080220
11080423
10080439
16080219
12080152
13080301
21081202
11080401
15080402
13080302
08080301
16080702
07080101
16080201
14080601
07080603
16080102
13080303
09080302
04080102
20080301
10080301
04080101
21080703
09080303
11080402
02080301
09080101
01080503
21081203
03080403
13080202
21081301
23080101
24080101
02080101
03080102
11080101
12080102
15080201
12080101
20080501
20080529
21080926
01080730
13080329
06080244
12080330
05080615
13080129
10080237
01080144
12080158
14080427
11080309
16080723
15080118
05080428
02080451
10080521
10080123
09080126
01080534
20080433
14080327
03080247
15080444
16080625
14080532
20080537
06080426
02080452
08080435
15080117
03080248
12080726
02080241
05080818
11080162
14080130
13080226
03080144
21080730
05081011
01080224
23080136
16080430
01080638
07080426
01080321
11080161
12080725
15080542
21081138
15080124
08080142
14080537
16080151
15080755
21080630
20080444
06080151
02080249
05080526
13080231
09080348
01080233
16080150
05081015
17080141
14080232
05080126
14080429
01080541
02080458
05080328
08080441
23080239
17080139
10080243
14080231
20080439
21081238
08080127
11080418
02080376
15080445
04080418
10080435
12080333
09080343
15080544
20080227
10080434
15080748
12080335
10080240
01080425
12080727
07080530
16080432
09080472
21080335
20080228
16080532
06080526
15080656
15080323
12080334
02080153
15080749
09080226
05081012
05080521
02080378
08080438
07080427
05080520
02080377
09080128
07080428
24080133
16080433
01080426
03080352
01080427
16080533
09080344
21080627
05080429
05080224
08080332
06080721
01080228
01080537
07080219
12080469
03080351
12080214
20080540
21080133
23080137
01080145
06080722
05080522
01080640
01080322
09080345
15080225
01080639
12080728
12080336
04080544
02080455
07080635
20080309
14080309
14080305
12080705
02080243
02080154
03080447
05080327
23080138
06080248
15080750
14080533
09080227
06080427
06080527
10080436
01080229