1607001
1607010
1607017
1607012
1607011
1607005
1607019
1607008
1607018
1607016
1607006
1607009
1607002
1607007
1607020
1607004
1607003
1607014
1607015
1607013
12071528
06070613
06070506
06070508
06070631
06070621
21070724
21070116
21070318
21070829
21070216
23070218
18071027
1407026
1407042
1407037
1407028
1407029
1407006
1407040
1407009
1407017
1407031
1407018
1407021
1407010
1407019
1407003
1407033
1407047
1407008
1407039
1407013
1407007
1407015
1407014
1407022
1407044
1407005
1407032
1407035
1407023
1407030
1407027
1407011
1407025
1407016
1407002
1407046
1407012
1407036
1407024
1407020
1407038
1407045
1407034
1407004
1407043
1407001
1307015
1307024
1307018
1307030
1307026
1307034
1307041
1307023
1307027
1307035
1307021
1307012
1307003
1307028
1307006
1307039
1307013
1307016
1307031
1307011
1307007
1307017
1307038
1307033
1307009
1307025
1307022
1307032
1307010
1307019
1307020
1307037
1307005
1307002
1307040
1307036
1307029
1307014
1307004
1307001
02070301
07070101
07070201
04070101
02070201
15070401
07070601
21071201
10070402
23070202
15070501
15070502
09070102
09070601
10070401
04070201
08070101
03070402
03070403
20070401
23070201
09070101
08070201
21070501
02070202
16070202
01070501
11070101
02070101
09070103
21071301
06070601
08070401
16070501
10070201
15070301
03070401
12071301
07070501
15070402
01070701
16070201
13070402
23070203
15070101
08070301
13070401
11070301
01070604
05070503
16070108
13070414
23070215
08070124
18074421
05070408
06070217
21070713
06070614
08070125
09070618
03070510
04070109
07070110
03070206
14070416
15070210
07070408
21071012
01070308
81070122
21071311
01070206
10070309
08070126
18074415
21070303
02070107
20070506
04070404
23070206
18074412
09070511
15070109
10070208
07070610
16070406
16070509
01070606
11070117
06070301
08070102
03070404
21070801
11070102
02070102
12071401
24070101
09070104
08070403
04070202
12070501
21071001
01070101
16070401
21070702
17070224
12071302
04070204
07070603
20070301
23070101
06070608
18074414
06070305
21070305
18074121
21070204
06070206
21070603
12071202
21071103
17070411
03070506
20070407
17070424
16070407
14070408
20070207
02070319
09070513
12070202
15070110
11070118
14070112
05070104
01070607
14070138
03070507
06070307
08070110
12070802
07070105
06070308
21070510
21071013
18074503
05070304
21071312
12070905
09070408
18074137
06070117
20070315
18073708
23070114
20070211
16070511
08070214
12070705
03070511
02070118
06070218
01070207
03070414
21070612
12070906
01070107
16070304
18074219
13070415
10070415
20070212
17070202
05070409
14070117
21071313
08070147
15070328
08070148
23070129
05070914
08070428
21070524
16070313
21071021
08070325
11070159
06070237
01070533
12070406
12071520
03070434
10070223
07070308
21070126
06070628
24070126
14070314
12071011
24070127
23070130
01070417
05070416
04070318
09070424
12071012
05070617
08070157
15070127
23070230
21070525
13070436
03070123
08070430
04070437
01070539
06070140
09070327
20070527
20070526
21071225
04070445
12071527
18074119
02070156
16070321
24070133
04070135
03070518
13070229
08070235
15070236
09070551
14070306
24070109
02070111
21070635
20070323
01070418
15070405
15070510
06070105
17070419
14070110
09070110
20070308
07070205
12071404
14070207
07070609
12070903
05070504
03070505
05070505
17070430
21071006
20070406
11070114
21071307
01070403
06070207
04070405
15070528
05070606
06070521
21070729
21070301
18074105
07070401
01070508
14070608
14070607
10070103
14070307
23070106
16070408
09070514
23070108
05070506
20070105
18074408
02070320
15070409
04070209
03070305
01070305
20070107
06070611
09070115
02070321
20070208
12071003
13070106
12070601
07070507
20070106
21070605
09070404
21070109
04070407
23070109
15070410
11070306
16070602
03070306
05070201
12070106
18074205
02070322
01070306
16070409
15070514
15070112
12070105
12071504
01070509
20070309
15070111
21070108
13070408
06070705
14070409
09070515
21070709
18074229
08070312
05070805
11070202
08070113
04070409
18071157
09070205
12071103
14070410
08070115
14070308
20070509
08070206
24070110
04070306
07070208
15070408
21070706
21071206
02070206
21070205
06070411
18074518
12070203
14070208
03070107
06070706
23070208
02070113
08070111
05070602
03070410
18074520
21070707
12071306
21070708
13070410
01070706
21070607
17070423
04070408
07070402
14070502
16070210
08070112
03070307
20070507
20070510
05070603
12070306
21071207
08070114
08070413
21070608
05070106
16070209
08070412
03070204
08070205
15070411
03070411
05070105
21070110
20070508
06070610
13070409
06070108
15070206
18074214
21071104
06070107
14070113
06070707
10070209
02070112
06070106
23070107
14070209
06070109
21070906
01070510
18074132
14070210
03070203
12070702
01070203
06070309
01070307
12070803
04070305
07070611
21070807
14070501
21071208
21070307
21070115
21070904
09070611
08070204
07070505
21070604
16070207
10070408
11070115
15070406
21070306
07070206
21071007
16070603
09070206
17070429
05070903
06070503
21070511
03070308
06070110
18074516
16070424
20070423
16070525
07070517
20070218
16070126
15070223
06070722
16070127
12070811
17070405
01070301
08070402
03070501
20070201
07070502
09070605
06070602
13070201
10070202
02070303
09070111
03070202
10070206
21071204
15070511
11070305
02070108
09070112
05070601
04070303
20070103
05070302
20070104
08070404
04070203
20070209
01070608
04070410
21070803
01070704
21070804
09070612
12070701
05070406
21071205
01070304
08070411
04070207
23070207
12071203
04070104
18074208
16070702
08070410
06070702
15070308
21070806
21070805
07070302
07070303
03070409
05071002
01070102
01070405
16070404
01070404
07070207
05070407
01070705
16070703
09070116
15070515
15070207
15070309
15070516
07070106
03070205
08070313
09070305
11070119
13070411
13070204
03070412
05070507
07070612
18074224
21070111
15070517
07070613
13070205
16070704
14070114
17070402
21071209
09070306
15070518
01070103
01070609
10070306
11070120
12071505
12070904
10070108
21070810
02070213
16070109
09070619
13070309
11070307
01070615
10070416
01070514
12070403
06070219
12071409
16070213
16070415
23070115
10070210
06070220
03070113
21070909
01070409
13070210
21070515
13070109
05070305
13070110
05070705
15070529
09070209
18074519
20070110
15070415
09070620
21070210
08070216
03070415
12070307
18074528
17070203
08070317
15070113
16070110
14070417
01070309
14070612
21071110
01070616
15070114
16070112
23070216
08070316
06070222
01070709
16070111
04070212
10070310
08070215
21070811
21071014
21071211
20070316
05070706
14070118
16070512
03070207
09070409
10070417
04070420
11070134
15070318
21071314
01070512
10070418
09070124
06070221
15070530
05070410
09070310
16070305
04070308
16070113
05070206
11070133
15070211
01070513
07070511
07070512
14070613
15070317
04070421
07070111
06070118
14070214
24070115
11070152
16070128
05071010
05070211
09070537
16070217
09070320
07070518
06070723
05070212
11070313
21070721
12070310
12071009
06070518
13070120
09070144
08070427
02070226
03070323
23070224
05070312
09070538
12071516
09070146
01070634
06070131
03070322
02070135
12071416
09070145
09070221
13070121
12071010
07070226
20070121
07070519
08070150
23070127
18074216
13070318
06070234
08070223
02070225
06070626
21070220
08070149
01070117
09070420
13070217
07070225
09070321
01070317
09070222
11070207
03070432
04070221
16070616
06070724
21070221
20070520
20070219
21070823
07070623
01070531
21070625
15070224
09070632
16070716
07070624
21070322
04070124
06070419
21071220
15070226
20070521
20070321
23070225
07070307
20070120
01070532
16070526
01070118
08070151
09070322
14070515
09070633
09070220
04070311
11070153
16070717
06070320
12070606
23070128
16070311
17070207
15070225
05071011
15070329
02070359
11070314
05070116
04070431
04070432
20070119
01070119
06070725
14070221
01070635
16070218
20070424
16070715
16070129
02070137
16070425
06070319
04070312
23070126
21071020
23070226
11070154
08070322
12070712
21070323
05070213
02070136
18074103
11070155
10070126
16070220
17070404
02070373
10070229
09070150
06070522
01070540
10070228
18074530
09070643
15070228
21071124
15070128
02070372
15070336
10070430
18074134
20070528
18074512
01070421
01070321
12070912
21070526
23070131
07070228
09070541
08070328
05070714
21070327
13070224
11070165
08070233
21070925
10070118
15070442
06070148
12070913
12070509
09070425
17070209
24070128
02070148
06070239
01070640
05070517
16070428
10070230
21071125
21070328
18074505
14070428
18074501
21070922
14070626
18074215
10070431
12071318
15070229
14070517
16070135
08070229
12070714
17070428
14070128
05071013
20070224
15070337
06070141
06070421
02070231
21070224
21070825
14070224
04070127
17070128
02070141
07070521
03070514
02070362
01070419
06070134
02070227
08070225
21070127
15070333
14070516
14070225
12071418
07070309
09070638
02070363
02070364
17070433
21070919
04070434
05070614
08070326
09070639
21070725
13070433
06070629
07070310
03070435
02070142
13070220
01070534
21071119
13070320
20070222
03070217
06070238
14070426
16070314
18074202
02070365
10070224
06070135
01070122
02070228
07070423
21071302
13070302
02070203
20070202
11070104
16070601
07070203
04070102
04070205
23070209
06070709
06070708
06070209
12070402
11070203
04070107
20070310
21071105
06070504
21070512
13070206
01070204
05070108
02070114
08070118
15070520
20070108
05070203
06070111
10070307
20070408
08070207
11070122
04070411
23070110
18074104
15070519
04070307
08070208
06070505
06070211
07070403
06070212
15070412
06070612
01070707
14070411
20070409
11070121
04070210
21070206
07070508
09070207
02070324
07070614
09070308
15070521
06070310
02070215
14070609
23070210
21071210
02070323
06070213
08070209
01070104
07070404
07070509
06070210
21070309
11070123
05070202
12071004
03070108
05070107
24070111
12071405
21070308
12071406
04070211
08070119
21070310
02070325
10070409
09070307
20070210
12071506
06070214
08070116
18074401
10070308
07070209
17070106
21070710
09070516
16070410
08070117
15070522
04070412
14070115
21071308
06070112
18074113
06070215
09070125
16070130
20070522
08070323
14070222
04070313
10070119
21070125
07070520
07070625
23070227
07070421
06070726
18070146
21070916
21070222
21070522
04070433
14070422
08070152
02070138
16070617
14070421
10070426
09070323
01070636
12070204
15070523
01070310
15070319
01070617
16070513
08070127
02070119
07070409
21070714
05070207
02070214
09070410
12070907
05071003
13070310
15070320
23070116
20070213
09070411
02070120
21070812
16070416
12070706
13070416
14070423
01070217
21071221
10070221
04070315
20070123
16070620
03070329
09070547
13070328
15070334
03070436
21070324
03070119
15070330
10070317
17070101
21070103
20070502
06070402
12070205
01070201
15070403
08070303
08070302
06070403
06070201
16070301
05070402
21070703
05070901
05070401
14070201
06070404
07070640
05070607
12070910
16070312
02070139
15070443
07070314
02070237
18074213
15070135
21070134
12071525
16070432
06070327
15070570
17070426
11070167
18071632
08070334
17070105
13070405
24070107
21070223
09070113
08070108
05070702
12071507
06070235
16070317
02070149
04070132
08070434
15070566
05070220
23070135
03070304
14070503
18074133
08070314
10070410
01070610
01070611
20070410
08070315
04070413
05070508
23070211
17070111
81070114
16070618
02070384
16070222
10070236
01070228
08070338
13070403
08070405
04070110
09070412
16070114
17070112
01070517
12070804
09070621
15070212
20070214
05070707
10070109
17070212
03070114
14070504
20070113
21070814
20070318
12070707
06070120
20070215
01070618
20070317
09070211
12071204
05070807
01070110
12071308
21070815
02070121
21071111
17070213
15070116
15070115
18074510
16070707
14070216
09070311
04070112
05070208
06070511
14070615
06070416
16070608
01070620
15070214
09070314
16070308
08070129
10070211
17070204
13070211
14070505
01070515
05070908
13070420
23070217
21070614
06070311
20070414
11070136
15070532
06070415
01070516
21070716
24070116
07070410
11070309
03070417
16070417
02070122
04070214
02070216
15070531
13070111
13070212
17070114
03070314
20070216
12070805
05070412
09070625
07070112
10070419
11070308
03070416
21070715
14070215
06070616
08070417
17070113
06070615
01070108
18074529
21070910
21070911
05070609
09070127
02070332
81070102
01070311
15070417
03070315
06070312
09070522
16070116
16070307
09070523
15070322
21070312
02070330
03070313
03070208
13070418
06070509
13070311
24070117
06070512
04070309
01070111
11070137
05070608
14070309
15070215
04070111
07070411
16070115
14070614
15070416
16070607
09070414
18074423
20070514
20070217
09070624
21071315
15070213
13070313
05070110
12071411
03070317
02070335
15070323
01070621
20070111
18074513
16070117
13070419
15070321
05070909
05070910
17070205
05071004
12071007
06070223
03070316
02070333
06070119
16070118
09070622
09070212
21070117
05071005
16070418
09070312
21071113
11070135
07070617
18074112
05070411
09070415
12070908
21071112
07070114
12070708
07070412
04070422
02070334
02070331
20070112
09070623
01070619
07070113
01070410
02070123
09070313
17070115
04070213
11070204
07070211
08070128
04070423
06070121
01070622
17070407
07070212
09070413
01070710
16070514
06070510
20070114
21070613
08070217
09070210
12070603
24070118
14070616
01070109
16070606
09070126
18074227
18074509
17070206
13070113
13070312
12070404
23070117
12071410
05070306
04070113
10070420
08070130
02070217
18074222
08070318
06070712
08070418
18074411
13070112
20070515
06070617
15070117
12071509
08070131
05070610
01070518
15070533
21071015
20070516
09070128
21070813
04070114
21071316
07070213
13070417
07070528
04070450
21070632
12071110
21071231
06070247
14070133
09070161
15070347
03070342
05070223
09070552
01070325
04070438
20070529
16070720
13070323
05070420
06070241
16070429
10070129
13070225
03070330
21071022
09070644
12071523
02070374
06070729
07070230
21070228
06070240
15070230
10070432
09070151
11070162
01070641
15070231
20070326
14070628
02070150
04070440
16070721
12070408
23070232
01070124
15070338
18074226
03070516
07070633
07070631
21070527
15070434
09070152
03070439
01070542
21071226
18074402
09070225
12071522
10070320
14070627
14070317
21070528
04070319
16070137
08070230
05070217
01070541
10070130
01070123
11070318
16070136
21071325
05070121
15070435
09070224
10070231
15070129
06070422
03070124
16070722
01070221
15070339
13070437
12071013
20070225
01070715
16070530
10070433
07070632
03070515
04070441
21071227
02070375
12070409
15070436
21071126
04070439
20070124
02070376
20070428
07070229
10070434
01070222
03070334
07070231
15070131
06070523
03070331
20070427
13070122
18074430
17070210
09070226
21071023
10070232
81070112
11070319
02070377
04070129
15070130
15070563
03070332
21070229
07070524
12071014
11070163
21070329
06070728
06070632
21070131
06070730
12071524
03070219
03070440
23070231
12071421
05070317
09070328
10070435
06070142
21071324
01070125
21070627
03070333
10070132
02070240
12071303
09070406
15070524
05070904
16070303
07070615
09070518
14070434
20070532
02070154
18074424
21071132
21070535
12071325
12070716
06070331
10070242
21071340
15070578
10070241
03070449
05070423
15070577
21071028
15070447
15070555
06070236
21070824
08070210
10070120
05070501
03070102
02070304
14070601
04070402
14070301
11070105
10070101
09070606
05070101
06070302
24070103
11070302
08070304
01070503
21070722
15070556
06070132
14070427
01070121
03070121
15070431
09070422
09070539
18074420
02070366
21070325
20070425
09070640
07070522
01070420
03070437
21071121
12070812
05070417
21071120
07070627
15070430
16070133
15070561
15070118
13070114
16070515
05070808
02070336
10070318
20070220
03070216
81070101
01070551
23070136
18074416
20070127
06070149
07070315
17070228
21070631
12071320
03070442
01070647
02070385
17070415
05070124
16070433
16070533
06070328
20070533
20070534
10070323
03070338
14070319
01070648
02070238
21070531
09070652
21071027
08070234
10070442
23070235
03070221
10070443
17070223
01070552
02070241
09070430
07070132
10070102
21070609
04070414
23070111
12071508
02070208
09070519
16070705
20070411
16070211
17070109
16070106
12071307
07070616
11070124
04070416
21070207
06070113
03070109
15070208
13070208
17070418
21071107
08070120
13070412
01070105
05070703
18074422
08070211
09070613
21070311
01070613
20070312
12070504
09070121
09070122
06070114
23070112
21070711
07070210
21070610
10070104
03070413
08070212
15070413
21071106
18074527
18074506
09070614
21070808
17070110
13070207
21071309
21070513
09070118
15070311
12070602
01070612
05070509
01070708
18074116
17070107
16070510
07070510
20070109
02070326
11070125
04070108
09070520
01070407
21070112
10070105
15070414
03070508
11070128
12071006
06070412
15070310
14070413
08070414
16070411
08070213
14070610
01070408
09070120
07070107
06070413
21070712
20070511
15070312
07070407
20070311
17070108
09070615
09070123
05070906
20070413
11070129
06070711
07070108
18074418
09070119
11070127
14070414
09070208
02070327
16070412
18074203
12071005
21070611
05070905
06070115
20070412
21070907
13070306
15070209
21071108
06070710
02070209
04070415
14070211
03070110
06070216
08070121
11070126
16070604
15070525
04070417
10070411
09070117
06070414
17070211
23070212
07070406
04070418
05070204
02070115
07070405
03070309
14070412
18074504
14070310
13070115
07070115
21070211
02070124
06070122
02070337
01070711
11070138
21071212
14070311
81070109
21071213
08070420
18074523
05070209
07070413
07070216
03070128
23070119
01070712
16070609
09070416
08070419
01070411
02070338
17070215
10070212
18074515
09070626
02070218
24070119
12071104
09070213
17070425
11070172
07070304
03070419
01070521
12071313
15070324
21071114
10070421
09070315
04070115
21071317
81070111
02070126
12071105
12071312
06070123
02070125
15070418
03070418
12071008
17070214
15070536
05070111
21070912
07070118
01070413
01070519
10070311
05071006
03070209
04070116
09070525
03070318
21070616
06070313
23070118
14070419
21070213
03070420
16070516
14070217
14070418
21071016
17070216
15070419
10070422
04070425
16070309
11070140
16070518
08070421
10070213
12071511
09070316
03070115
17070416
07070618
06070315
01070208
02070340
16070120
12071512
01070522
07070619
12071206
09070129
15070538
18074406
16070119
15070534
04070215
01070523
18074111
15070535
12071310
12071510
06070314
01070412
11070141
15070539
16070610
09070130
13070421
15070216
20070116
07070119
18074130
11070142
21070817
15070537
01070112
02070341
14070507
15070540
05070708
06070513
04070424
21070212
10070312
10070112
09070318
07070414
07070513
12070709
24070120
21070518
08070134
13070422
16070419
14070506
02070339
10070111
07070116
09070214
12070206
10070313
21070516
09070317
09070524
05070709
01070209
21070517
01070623
07070514
20070115
20070319
21070816
17070417
02070342
12071309
10070110
12070604
01070520
12071311
07070117
08070132
12071205
23070219
16070517
08070133
05070809
14070119
02070219
03070422
12070806
11070205
07070120
12070207
01070312
03070421
07070214
07070215
21071215
21071214
11070139
04070216
15070119
01070624
15070325
09070526
07070217
06070618
13070314
05070810
14070218
21070313
07070121
17070217
01070524
01070210
05070413
20070415
08070218
05070112
12070605
16070121
21070617
11070143
02070345
21071017
06070124
23070120
12071106
16070519
12071513
13070424
23070220
15070120
06070224
02070127
20070517
10070314
07070516
21070717
18074115
01070211
09070132
16070520
09070131
05070511
12070405
21070618
81070105
10070215
03070423
16070708
02070347
01070212
08070136
17070116
02070220
13070423
21070314
12070807
03070319
07070415
15070420
17070218
12070909
21071318
21070913
21070619
15070421
04070117
21070718
16070709
01070525
02070348
02070349
08070320
05070710
09070215
10070424
02070346
15070121
08070219
07070122
18074207
08070137
12070710
13070426
08070138
01070313
07070621
10070214
01070527
11070144
01070625
18074507
20070518
01070626
06070619
21070818
07070416
02070343
12070110
02070221
09070216
08070319
08070135
14070508
02070344
01070526
01070314
10070216
15070541
13070425
13070213
02070350
07070620
12070505
07070515
12071207
09070627
09070133
18074122
12070208
04070118
12070109
21070315
06070514
12070808
05070711
13070116
18074131
06070713
10070423
06070620
15070227
01070416
21070523
09070634
21070723
06070321
13070218
17070124
21071117
03070433
16070219
20070322
02070360
06070519
21070917
04070314
12071517
08070324
11070156
24070122
12071417
10070122
01070218
10070121
03070512
02070361
20070122
08070153
24070123
09070147
01070220
08070429
05070118
17070410
08070226
21070726
12070407
10070427
08070156
12071521
12071015
02070232
06070143
05070618
13070226
02070151
15070437
02070378
14070132
13070327
21070924
03070339
09070653
05070520
16070140
02070155
01070224
16070624
21071332
81070103
12070817
12070511
06070150
15070567
21070234
23070137
03070443
15070568
16070320
01070649
12071323
09070333
04070138
05070226
16070435
06070635
10070446
18074210
12071208
10070123
15070331
01070318
07070424
21070626
20070223
05070518
13070123
06070423
06070424
15070340
02070379
10070436
24070129
21071326
01070642
06070524
09070542
23070233
14070129
15070438
02070380
18074206
08070406
11070201
10070301
03070405
13070101
14070302
23070204
08070407
21070902
11070106
08070415
15070313
12071407
15070526
20070512
03070310
12070107
16070605
05070205
03070111
05070806
23070113
14070212
06070116
21071310
04070419
05070109
12070108
17070412
24070112
14070116
09070407
16070212
20070313
02070116
04070217
04070119
12071412
21070214
07070123
14070617
05070911
10070425
21070215
07070305
16070521
06070714
24070113
16070420
10070113
13070315
01070627
02070128
03070116
18074136
14070618
20070416
01070414
17070117
13070214
21070620
04070120
06070125
09070417
03070425
11070145
03070424
05070811
16070214
09070528
18074521
09070135
18073251
01070113
16070122
04070426
02070129
14070509
15070217
06070225
03070117
11070310
23070121
09070217
06070417
21070316
21070519
06070226
15070542
18074201
08070422
09070529
17070227
09070134
18074135
02070130
14070219
08070139
18074114
01070528
17070118
01070628
10070217
14070120
17070119
16070612
06070515
16070611
15070422
15070326
03070320
06070227
01070638
18074419
05070119
04070316
05070514
05070418
07070523
20070324
02070229
05070519
04070320
07070634
09070153
02070233
03070125
03070224
18074409
13070131
02070160
02070393
04070226
02070159
03070346
08070167
21070337
06070330
01070429
02070394
10070135
09070334
17070139
12071211
20070231
05071016
10070447
06070636
01070654
23070139
04070139
18074405
16070436
21070735
09070559
14070440
21070237
02070161
09070560
24070135
03070226
21070338
20070435
15070448
06070429
03070450
06070144
09070154
09070553
18074511
02070157
01070425
20070432
07070429
21070236
01070652
21070634
13070303
12071101
05070712
14070202
23070102
09070202
16070204
12070102
23070205
14070102
21071203
09070504
06070406
09070302
15070304
08070408
08070409
12070302
17070102
20070302
09070503
14070204
03070301
14070402
06070603
21070601
02070306
15070303
09070607
21070104
15070504
06070202
03070502
21071303
02070309
14070105
08070309
10070302
08070103
09070301
02070305
07070204
15070507
06070405
11070108
05070404
16070402
16070701
20070304
07070606
07070102
13070305
14070205
12071102
15070105
11070109
13070304
16070503
08070104
14070603
03070302
12071304
06070204
14070206
01070703
06070606
08070307
18074522
06070101
20070504
12070502
13070102
16070502
08070305
16070101
21070504
09070203
20070405
13070105
12070304
01070402
06070409
04070206
20070503
14070602
02070204
10070303
13070103
21070304
20070306
21070201
21070503
05070801
81070104
15070306
07070605
03070103
05071001
17070201
11070107
14070405
08070105
09070610
06070102
14070304
03070104
16070205
15070107
18074404
15070307
20070403
06070701
10070403
02070103
09070506
21071101
20070101
20070204
06070408
06070304
02070315
12071502
14070403
07070607
21070202
21071305
09070608
23070104
12071001
09070304
01070702
08070306
05070403
01070504
14070103
02070307
21071002
17070104
15070508
01070507
21070903
20070307
01070506
21070602
15070203
24070106
17070431
11070113
06070303
10070204
09070508
20070205
14070108
18074425
12071403
08070308
06070604
18074204
16070505
21071003
06070502
10070404
09070107
12070103
09070505
24070104
02070308
08070203
02070104
06070203
21070105
06070407
21070505
21070506
14070106
02070311
21070106
03070303
10070405
03070407
12070503
14070305
05070802
20070404
14070203
11070111
16070504
18074230
20070305
16070102
14070604
12070901
21071102
12070201
10070304
04070403
06070103
05070405
16070103
01070603
18074426
23070105
08070310
14070107
04070103
09070507
12071503
12071501
14070404
20070203
20070303
15070505
13070202
11070303
06070501
21070507
09070509
11070110
09070106
21071004
21070203
14070605
12070301
01070505
15070503
12071201
05070502
12070801
24070105
01070602
23070103
06070205
21070704
05070803
15070106
12070305
21071304
02070316
08070106
16070104
12070401
02070317
01070202
13070404
18074138
18074217
14070303
09070609
06070605
02070312
07070504
03070406
05070102
15070104
09070401
12070303
14070104
15070506
13070104
07070503
14070109
07070103
09070402
06070104
11070112
09070303
01070401
11070304
02070310
16070206
05070701
05070103
18074410
16070506
16070507
08070107
07070608
15070305
03070503
02070314
09070510
09070108
02070313
03070105
15070404
09070502
07070604
06070410
17070103
09070403
18074427
12071305
14070130
01070655
06070306
16070405
04070304
16070208
06070609
21070508
14070407
21070509
06070703
15070407
02070109
03070106
14070406
16070105
13070203
14070634
15070205
12070104
02070110
01070605
10070207
04070208
17070432
17070225
02070205
01070535
08070335
17070133
05070815
02070386
12071526
05070521
20070535
05070313
04070317
03070122
01070554
17070409
07070431
21070239
11070116
14070606
21070107
06070208
05070303
24070108
13070407
17070406
04070105
01070406
05070804
21070905
05070902
21070705
04070106
13070406
09070114
07070506
06070704
15070527
13070413
16070315
02070367
14070625
09070326
06070136
05070314
23070132
21070330
16070622
14070431
12070111
07070232
01070543
20070226
18074102
15070232
06070731
14070227
20070327
01070422
14070430
07070635
20070429
09070329
04070223
16070724
20070230
23070138
10070239
10070325
15070571
10070444
14070438
06070248
21070926
12070410
14070631
14070441
02070395
15070446
05070127
07070135
08070164
20070434
04070446
06070733
05070320
14070435
07070641
04070322
04070133
10070237
21071334
07070643
01070225
07070235
21070334
13070132
09070635
06070322
21071333
09070548
01070650
07070316
21070135
21071130
20070133
16070324
10070328
03070448
01070614
20070314
02070328
11070130
13070307
07070430
09070432
11070324
17070138
01070427
05070323
14070230
07070644
15070576
21070918
12071108
18074212
08070224
05070813
07070422
16070619
06070507
10070233
16070138
06070525
21070139
16070141
13070331
07070645
09070645
10070437
01070716
21070132
01070717
21071127
08070423
23070221
02070351
05070611
06070516
08070220
20070117
17070120
05070113
12070809
20070525
03070325
13070221
18074128
07070628
21070826
21071122
21071223
11070209
12071317
21070920
01070536
02070143
06070420
09070423
12071427J
21070727
09070641
12070507
16070316
06070630
05070419
16070528
13070321
14070123
18074403
09070148
15070432
02070230
03070438
17070129
01070714
21070129
10070128
16070718
05070214
03070326
08070227
21070128
21070225
10070225
10070127
12070713
16070719
16070621
16070134
13070222
06070137
21070226
11070170
01070428
16070225
12071002
08070109
10070114
06070228
15070218
10070218
09070136
13070316
04070218
16070710
11070146
14070510
01070629
07070622
15070122
09070319
21071319
10070315
81070121
20070118
14070220
07070417
15070543
05070307
16070711
15070544
05070308
21070317
10070124
09070636
01070120
12071518
05070415
14070223
01070637
08070154
12070607
21071222
17070126
17070125
15070557
15070558
16070131
02070140
07070626
20070426
10070321
02070387
05070126
02070158
06070249
09070554
03070446
21070532
09070162
13070329
15070237
05070522
06070427
03070519
21070633
02070388
17070136
15070136
21070137
09070163
01070651
23070238
05070620
13070125
16070725
16070535
20070536
18074223
06070735
15070444
11070322
10070133
14070633
04070224
21070927
14070134
13070230
20070131
09070555
04070323
13070126
16070322
21071128
01070227
21070138
09070556
12071322
01070426
12070411
08070336
08070163
20070433
15070572
09070655
05071015
13070127
07070529
09070431
10070445
06070529
02070243
14070321
21071335
02070389
07070428
02070242
24070134
10070240
13070440
06070250
15070348
09070558
15070349
04070325
16070325
21071338
07070317
14070136
06070153
23070239
07070530
11070171
21070533
14070135
09070164
09070332
12070917
09070659
21071131
10070329
14070322
05070225
01070127
09070165
13070232
08070166
04070137
07070236
15070238
01070722
20070232
14070442
20070436
09070433
13070332
21070835
21071339
17070140
20070332
01070556
14070231
09070434
08070168
05070227
06070428
21070534
09070335
16070323
21070834
05070224
08070165
04070453
06070637
16070532
16070221
11070164
13070438
01070423
06070242
14070518
17070130
07070126
05070715
15070439
17070131
14070228
21070923
15070341
16070531
20070530
21070827
08070329
21070230
21071024
10070234
07070525
01070544
21070231
23070133
05070218
06070323
16070623
07070312
02070234
16070625
01070555
18074118
01070327
14070523
24070114
08070122
12071019
05070128
01070721
06070634
10070134
03070344
20070331
16070403
02070318
11070131
18074109
21071008
13070308
02070211
10070106
05070907
21071009
23070213
21071010
12071408
02070210
11070132
18074123
01070511
09070616
13070209
09070617
14070213
14070415
13070107
10070412
01070106
07070109
16070413
05070604
21071109
05070510
16070107
12070703
18074232
01070205
21070514
08070416
12070704
21070908
15070315
15070314
21070113
10070107
21071011
15070316
21070208
15070132
03070335
12070715
06070732
15070342
01070322
03070520
04070136
04070324
21071232
20070538
15070574
08070236
21070733
12070610
09070657
11070168
01070553
02070390
20070537
05070716
09070656
15070573
21071336
03070225
05070322
81070119
18074407
03070345
01070653
03070210
02070131
14070619
08070321
08070424
09070137
14070124
05070120
02070144
08070228
06070138
02070368
11070316
21070628
10070235
08070330
12070608
21070130
13070434
02070147
13070223
15070562
09070540
04070435
11070160
13070435
09070149
07070311
02070145
11070317
07070227
15070433
81070110
03070327
17070208
14070315
01070537
12070814
21070227
14070316
02070146
10070226
04070436
02070369
21071123
14070126
10070428
21071224
05070315
10070319
05070316
12071419
05070615
12070813
14070125
18074127
08070327
16070529
07070629
09070642
16070427
21070921
05071012
14070127
21070728
01070320
05070215
05070516
02070370
18074517
18074125
10070227
05070515
05070814
06070139
10070326
21070734
10070205
21071005
17070219
10070305
14070611
03070311
12071413
12071314
05070114
03070408
20070206
02070105
10070406
15070509
07070301
21071306
20070102
16070508
07070104
06070607
15070108
09070309
21070209
05070605
02070212
16070414
03070312
05070704
03070112
10070413
01070213
13070215
06070715
15070219
10070219
12070810
16070310
12070308
16070421
16070613
07070218
05070512
18074106
09070530
07070219
23070122
15070423
03070211
14070312
15070545
12071414
08070140
21070914
12070309
20070417
13070427
09070531
05070309
13070428
13070429
18072933
20070418
15070220
16070712
16070123
12070209
04070427
11070147
05070612
06070627
20070523
16070527
09070223
08070155
16070426
03070513
23070228
09070637
15070559
01070319
13070219
11070315
05070117
21071322
03070120
17070127
24070124
16070132
06070520
12070506
12070911
12071420
05070616
13070322
01070538
05070216
10070429
01070639
18074209
15070564
06070526
21071327
08070158
18074120
21070232
15070233
13070439
09070426
08070231
04070443
07070127
18074233
05070619
21070529
09070646
20070531
15070133
05070122
20070125
13070324
08070331
02070381
10070322
03070220
21070828
20070328
15070134
04070442
16070318
05070318
07070526
09070549
20070524
11070157
13070319
06070133
18074429
04070125
10070222
20070221
01070219
11070208
14070425
11070158
07070125
03070324
09070421
15070332
15070560
05070913
12071519
21071118
14070424
09070324
04070126
24070125
10070125
09070325
02070371
03070328
11070210
12070508
14070226
04070128
23070229
06070727
12070914
01070719
04070321
08070159
17070132
07070425
23070234
12070815
06070145
14070432
09070647
21071228
01070718
02070235
01070223
15070234
16070319
12070916
03070336
09070543
08070431
07070527
02070152
03070517
21070233
14070629
20070227
07070636
21071328
14070229
13070124
15070565
21070331
05070319
09070544
16070723
05070915
06070324
12070510
24070130
16070139
01070323
05070123
12070915
08070123
17070226
02070117
21070114
02070329
09070628
21070326
18074108
21070731
20070513
16070706
23070214
02070352
06070229
07070221
06070126
07070220
03070118
07070124
10070116
09070138
01070529
24070121
12070210
01070713
04070428
09070218
12071415
01070114
10070220
06070418
08070221
05071007
08070141
01070530
07070222
23070222
16070124
21070119
21070520
08070222
09070219
20070419
14070122
07070224
08070142
15070221
14070121
06070316
21070819
21071018
15070123
07070223
07070418
21070719
04070430
20070519
20070420
08070425
03070426
13070117
09070139
04070121
15070546
16070522
01070630
04070429
02070222
03070212
13070216
01070214
09070532
18074428
15070424
14070620
06070127
05071008
21070120
17070220
06070623
21071115
11070149
11070148
03070427
03070428
05070310
16070422
21070217
14070511
15070425
13070118
08070143
17070121
03070429
21070623
15070550
06070717
08070426
03070214
14070512
15070124
21070121
17070221
14070622
18074508
21070319
05070210
05070115
08070144
21071217
13070430
04070219
21070123
18074514
16070125
01070631
12070711
06070230
06070231
14070621
05071009
21070820
05070414
21071019
01070216
16070215
23070124
21071219
09070533
02070132
09070629
20070421
18074225
21070621
05070613
07070306
21070821
21070320
06070317
23070123
21070521
04070220
06070720
01070116
21070219
06070232
11070311
21070622
15070547
03070213
01070633
21070720
17070222
11070206
15070327
11070150
17070122
15070551
18074524
14070623
16070615
23070223
11070151
05070912
11070312
15070428
02070356
14070313
16070714
08070145
02070133
02070224
17070421
21070822
06070622
15070426
15070427
13070431
06070719
02070357
09070141
16070524
06070128
18074117
01070632
01070415
09070630
12071514
09070631
21070321
10070117
07070419
09070140
03070430
21071218
16070523
06070624
06070233
21070624
03070215
01070215
06070517
09070419
08070146
15070554
16070614
01070315
15070222
18074126
12071107
06070718
21070915
02070223
13070317
03070321
06070318
14070624
05070311
06070721
16070713
14070514
09070536
04070310
12071515
02070354
13070119
15070125
04070123
03070431
01070316
05070713
17070401
09070534
07070420
14070420
09070143
18074101
15070549
21070122
21071321
10070316
21070218
02070355
02070134
06070129
15070552
17070403
17070123
20070422
13070432
23070125
21071216
09070418
21071320
20070320
81070113
15070126
06070130
05070812
15070429
06070716
21070124
05070513
02070353
16070423
09070142
01070115
02070358
09070535
16070216
12071315
15070553
04070122
06070625
21071116
14070519
21071329
06070633
21070830
12070609
15070343
15070235
06070425
14070131
09070649
08070160
15070440
18074124
14070520
05070219
21070133
16070430
06070146
06070325
06070243
08070337
10070327
12071425
13070130
01070723
23070240
01070430
10070243
20070505
18074417
08070311
15070204
04070302
02070106
09070204
12070902
01070303
03070504
09070109
18074211
11070323
03070447
81070118
06070152
21070336
13070231
04070225
17070137
17070420
07070133
02070391
09070557
04070452
09070331
04070451
18074129
15070445
08070237
13070129
09070658
01070326
21071337
21071129
16070224
20070132
12070311
13070128
12070211
03070343
05070916
09070229
12071210
14070439
11070169
07070134
18074525
20070126
03070337
01070545
16070431
01070126
18074502
07070426
21071025
04070130
09070227
10070438
10070439
06070527
06070326
10070131
14070318
07070637
18074526
08070332
01070644
21070332
21070630
08070161
24070131
09070650
06070147
02070383
21071230
21071330
07070427
13070325
09070330
18074228
01070645
01070646
08070333
21071331
08070432
05071014
08070232
13070227
07070638
10070440
21071229
01070643
14070433
09070545
12071422
08070162
20070430
02070382
15070344
07070313
21070629
21070730
12070918
08070238
06070736
09070230
18074220
11070161
18074221
08070202
21070901
09070602
12071402
09070603
15070302
15070102
21070302
21070802
21070101
04070401
17070427
20070501
21071202
09070105
07070202
05070301
15070202
15070103
09070604
11070103
15070201
20070402
02070302
12070101
07070602
21070502
09070501
09070201
01070601
24070102
13070301
01070502
14070401
21070102
06070401
21070701
01070302
16070203
03070101
03070201
07070630
15070335
03070218
07070639
14070521
06070426
09070156
13070326
08070433
09070546
18074218
12071016
18074413
12071109
09070155
21070530
05070421
21071026
11070320
21070831
03070441
04070131
01070546
12071319
09070157
06070528
15070441
10070441
12070816
02070153
07070129
21070333
09070228
07070128
02070236
23070134
06070252
05070228
21071133
14070137
02070162
12070818
18074110
16070536
18074231
04070455
20070437
04070227
05070523
21070238
07070646
15070137
12070717
17070141
05070524
02070244
10070448
06070251
12071424
13070330
08070438
06070329
15070575
12071529
02070392
12071324
01070547
04070447
12071316
15070345
04070448
08070435
03070222
03070340
04070134
17070134
04070449
13070228
07070642
20070329
07070130
24070132
11070321
14070630
12071017
20070228
11070166
20070128
01070424
23070236
21070832
21070136
07070131
10070238
20070229
12071209
06070244
09070427
16070434
21070833
05070816
15070346
06070245
03070444
08070436
01070549
12071321
01070548
03070341
01070720
05070321
03070223
08070437
12071018
06070151
05070221
14070436
05070422
11070211
16070223
15070569
14070437
03070445
20070129
20070330
20070130
01070324
14070320
07070233
07070234
09070428
09070550
16070534
18074107
17070135
09070158
05070125
04070454
12071426
03070509
13070108
09070521
10070414
05070222
23070237
10070324
12071423
02070239
20070431
09070160
06070734
21070732
21070235
06070246
09070429
04070222
01070550
14070522
09070159