18122614
18123903
18123902
18122004
18122203
18121406
18125408
18125607
18121104
18125008
18121506
18124903
18125110
18120139
18124724
18120218
18125135
18122821
18125232
18123524
18122038
18123134
18124026
18125245
18125516
18120609
18122909
18124027
18125537
18120722
18120147
18123432
18121446
18120148
18124028
18124238
18120908
18122206
18122205
18124521
18122153
18122606
18121816
18120214
18120213
18121815
18121725
18122628
18125242
18120913
18125512
18123611
18121602
18122010
18124408
18124407
18120406
18122316
18125413
18122317
18125116
18122806
18124310
18121617
18122334
18124533
18121631
18122333
18122830
18125435
18122732
18120227
18122609
18124803
18125624
18123211
18122012
18121308
18122335
18124735
18120937
18120420
18122426
18121622
18124321
18123019
18120518
18124516
18122515
18121722
18124322
18122516
18121105
18122904
18122604
18122711
18120106
18122424
18122616
18122505
18125611
18125409
18124805
18123107
18124305
18121616
18124404
18122204
18125112
18125508
18122710
18121419
18121113
18123017
18120413
18120603
18120505
18123407
18125217
18120414
18125018
18121718
18122211
18122212
18123221
18123222
18123515
18125220
18122624
18122809
18124006
18120415
18125123
18120126
18122627
18124715
18125122
18123116
18123018
18124513
18123414
18125020
18120514
18120125
18121114
18125218
18121605
18123117
18121211
18122214
18122512
18125312
18125418
18122626
18122118
18123707
18122625
18125219
18120124
18124005
18124007
18120705
18125619
18121515
18125221
18120615
18123620
18123118
18124214
18120512
18122213
18121314
18123621
18120513
18123809
18125019
18121014
18122117
18121424
18121210
18124215
18121423
18121501
18121301
18123601
18122701
18120207
18123612
18122112
18122714
18122312
18120107
18123106
18125206
18124301
18125301
18123801
18122102
18125502
18121801
18125401
18120706
18121425
18122513
18120127
18123516
18124008
18122119
18121115
18125238
18120721
18124812
18120507
18124415
18122220
18122130
18123305
18121727
18122129
18120424
18121525
18125227
18120707
18121817
18122146
18123635
18120536
18124237
18124826
18124236
18124421
18121039
18121134
18123626
18120409
18121427
18120920
18121214
18122913
18120617
18120921
18120516
18122136
18123823
18122328
18123029
18125626
18121030
18124124
18121032
18122827
18125428
18123630
18125627
18120223
18124528
18121736
18122034
18124728
18123631
18124227
18122330
18124332
18122329
18123526
18123422
18121734
18121226
18124228
18125528
18122726
18121827
18121031
18124626
18121225
18121735
18124625
18121227
18122137
18121737
18123028
18124125
18124627
18120224
18121828
18121439
18125527
18122524
18122632
18123030
18125529
18125241
18120718
18120142
18124527
18125429
18125240
18124835
18123532
18122340
18121636
18122344
18124834
18121747
18120941
18121748
18120544
18121241
18120332
18122445
18124637
18120153
18123327
18125439
18124340
18122346
18123437
18122343
18121634
18124540
18122444
18122836
18122835
18121635
18120438
18125048
18123533
18122738
18121637
18122341
18122342
18120545
18122932
18124131
18120436
18122931
18122345
18121832
18124428
18124744
18122837
18121240
18121044
18123138
18124636
18120636
18125049
18121137
18125254
18120437
18122045
18121550
18123139
18120333
18125438
18121457
18125051
18120439
18123523
18122722
18125230
18124123
18125133
18122133
18121023
18125319
18120429
18121917
18123914
18123126
18121022
18122132
18121534
18123817
18124519
18123628
18124723
18124221
18123308
18122520
18120323
18123023
18123913
18122125
18121127
18124628
18122138
18124418
18125138
18123917
18120324
18121920
18123632
18121738
18124823
18121128
18122035
18121126
18120431
18123636
18121919
18124529
18123916
18122437
18122829
18124234
18124733
18122525
18123036
18121742
18121630
18125631
18122438
18123035
18123826
18120146
18124129
18120145
18124235
18121611
18125535
18122040
18122436
18122016
18123614
18120117
18125515
18125213
18123111
18121620
18125214
18122420
18121311
18122320
18121208
18121804
18122509
18121512
18120118
18121513
18125524
18125228
18121819
18121532
18125317
18124015
18121530
18123124
18123627
18123522
18120711
18125027
18124016
18120425
18123816
18120426
18125318
18122222
18125425
18121217
18121021
18122027
18121609
18120929
18124219
18121218
18125229
18122818
18122224
18122225
18122223
18122026
18121531
18120427
18121219
18124818
18124722
18124325
18121319
18120710
18124014
18121624
18122226
18121720
18123120
18122425
18120517
18120924
18122123
18123216
18122113
18122319
18122620
18123613
18121712
18125201
18122817
18120522
18123306
18121526
18125523
18120815
18123912
18120134
18121432
18120709
18124013
18121527
18124720
18122131
18124721
18122839
18121741
18120623
18121916
18121019
18123037
18120626
18123038
18122925
18121713
18123907
18121714
18123112
18125422
18123827
18124902
18122902
18124206
18125606
18121405
18123701
18123005
18122003
18122903
18122602
18120408
18122405
18122404
18125441
18122934
18122741
18121001
18124801
18122104
18124703
18123416
18121460
18121835
18124430
18121139
18125536
18123909
18124111
18124620
18121237
18121449
18125436
18122733
18125332
18124536
18124031
18123639
18123040
18125041
18121743
18122149
18120821
18125040
18124739
18125540
18122240
18124535
18121450
18125037
18122151
18124030
18125039
18121333
18124828
18122241
18121548
18124738
18123324
18123041
18120231
18124338
18122927
18124240
18122831
18125149
18120228
18123039
18124029
18123530
18124336
18120434
18121453
18121236
18125038
18120820
18120435
18120631
18124242
18125248
18123531
18122152
18122529
18121238
18122337
18121547
18120822
18125331
18125249
18123323
18120939
18122528
18124830
18124737
18121744
18122042
18122610
18125250
18125334
18125333
18122527
18121448
18122928
18124537
18124534
18125247
18120330
18124241
18120630
18124538
18122832
18125251
18121043
18125042
18122734
18121334
18124633
18121745
18123717
18125330
18120938
18122150
18121135
18124829
18122338
18122735
18124337
18120229
18120151
18121746
18121545
18125246
18120230
18122427
18123136
18121136
18121042
18121451
18120232
18120634
18125634
18122336
18121546
18120149
18120150
18120633
18125539
18120422
18124119
18123301
18121215
18125432
18121035
18122139
18122922
18124531
18122432
18125325
18125033
18122433
18121540
18121926
18123424
18120532
18122828
18121036
18123825
18121232
18121230
18120936
18121925
18123824
18123133
18122727
18121132
18121924
18123318
18121922
18123918
18120143
18120432
18122036
18125243
18120433
18125244
18125035
18124231
18124419
18125530
18121441
18124127
18124731
18123317
18121440
18121328
18123714
18123423
18125034
18125628
18122923
18121131
18124825
18122140
18123132
18123319
18123008
18123004
18120205
18123105
18122707
18122201
18122428
18120318
18125407
18125108
18122406
18122108
18122603
18122708
18121505
18125303
18122709
18124740
18122908
18124743
18125137
18122429
18123408
18124804
18123505
18121006
18120326
18120521
18122128
18120319
18123303
18122127
18123911
18120133
18125024
18121623
18120814
18123304
18122630
18121122
18120423
18120314
18125434
18122147
18120320
18125503
18122103
18121203
18122403
18120101
18125202
18125101
18121901
18124201
18124402
18124401
18125102
18124702
18124603
18120401
18121202
18124632
18122148
18124827
18122530
18121551
18122242
18120943
18120637
18122838
18123140
18125440
18125052
18125256
18121552
18121834
18124638
18122046
18121458
18122244
18125054
18122155
18125150
18122047
18123534
18125055
18123640
18120942
18122154
18122245
18121749
18123328
18125053
18123329
18122740
18122933
18123830
18120638
18121138
18120441
18122246
18124745
18122739
18125638
18125637
18122243
18121638
18124341
18121553
18122612
18124429
18123831
18120234
18123141
18125636
18120233
18120723
18123720
18121833
18124002
18120120
18122718
18121715
18121313
18124004
18121716
18125121
18125517
18120703
18125308
18123706
18122716
18124410
18121806
18121312
18123808
18122018
18120614
18124412
18121514
18123016
18124003
18125015
18124619
18122210
18120612
18123511
18121420
18122717
18122623
18122322
18122510
18120122
18120511
18123218
18120613
18123619
18121209
18125119
18122511
18123910
18122323
18124316
18120610
18123618
18125309
18123114
18120702
18120704
18123806
18123617
18124714
18122209
18121012
18122321
18123512
18122622
18124113
18124115
18120611
18121112
18120918
18122208
18124114
18123015
18125616
18125120
18121805
18125017
18125617
18124411
18124212
18125016
18121013
18120209
18120208
18125310
18122116
18121011
18124811
18125609
18125610
18124705
18121705
18125111
18122313
18123007
18124505
18124506
18125424
18121318
18120708
18122720
18123135
18125534
18121037
18122331
18122145
18121443
18121830
18123031
18123033
18124233
18123034
18121331
18121038
18121234
18121544
18123427
18122332
18121332
18123634
18121445
18124128
18121330
18125531
18120144
18120225
18121829
18122239
18120720
18125036
18121444
18122238
18125142
18123528
18124630
18121831
18125630
18122039
18122730
18123919
18123428
18125629
18120226
18122731
18123032
18124732
18125532
18124808
18120912
18121411
18122315
18120123
18121422
18123513
18125618
18123220
18122911
18121421
18123514
18122502
18124604
18123810
18124323
18121608
18122019
18123115
18120412
18125311
18120809
18125216
18123219
18120812
18120313
18120923
18121407
18124217
18124103
18125207
18125144
18120625
18123431
18125143
18121040
18123637
18122439
18124631
18122440
18124423
18124422
18121929
18125602
18124701
18123624
18124515
18121555
18123813
18121812
18125127
18122021
18122215
18123415
18122216
18122914
18122022
18120916
18122715
18123014
18120607
18121604
18122207
18123906
18124614
18125614
18124906
18121625
18122721
18125028
18123307
18120428
18120523
18123125
18123022
18123419
18124017
18121533
18122819
18120712
18121220
18123128
18123710
18123309
18125031
18122629
18122024
18122218
18122126
18123229
18123302
18121430
18125316
18120216
18122327
18124012
18125023
18121726
18123520
18122219
18122916
18123417
18121121
18124518
18121524
18125131
18122816
18120619
18122915
18120132
18121307
18122415
18123123
18120926
18123011
18120524
18124719
18122430
18121433
18122814
18123225
18124816
18125021
18123226
18122517
18122813
18120317
18120421
18120316
18121317
18124118
18121119
18125225
18125522
18121724
18120325
18124333
18124230
18124530
18121103
18120527
18121732
18121436
18122134
18125234
18123025
18122919
18123713
18124222
18121537
18123311
18121820
18122825
18125525
18122228
18125427
18124022
18120219
18120934
18120525
18121325
18120716
18124328
18123820
18123130
18121223
18122230
18124021
18120932
18122725
18124821
18121322
18121535
18120621
18121825
18125233
18123915
18120430
18124327
18124525
18121124
18123420
18121438
18122229
18120933
18120220
18123711
18123819
18123024
18124417
18124224
18125322
18120526
18125324
18120931
18122232
18121610
18122231
18124018
18120140
18122826
18123822
18121435
18122608
18121026
18121731
18124019
18123712
18121536
18124622
18124820
18123313
18124024
18125323
18121826
18123629
18121324
18121323
18122031
18124524
18122233
18121437
18120714
18123129
18122920
18122823
18124326
18122235
18120930
18122921
18121125
18121025
18122822
18124726
18125030
18121029
18121326
18122631
18122032
18124523
18124624
18121027
18122723
18120620
18122607
18125321
18122824
18122030
18122521
18125236
18120713
18124223
18121824
18121123
18125426
18122029
18122234
18123312
18124329
18122522
18121028
18124023
18120141
18121224
18120221
18120715
18121823
18123821
18123525
18121222
18122135
18122523
18123421
18124225
18124507
18123409
18120604
18125320
18122028
18122227
18122820
18121434
18120138
18125231
18121730
18121221
18122918
18121024
18121429
18120901
18123804
18125307
18125132
18123625
18125139
18121921
18123908
18122217
18125420
18125022
18121814
18121934
18121554
18125315
18121522
18120520
18124621
18122518
18121120
18123228
18122605
18124120
18120302
18121615
18125302
18120602
18125406
18120105
18123206
18125405
18121004
18125043
18123325
18124425
18121918
18124522
18125134
18120108
18122805
18124406
18120805
18122411
18124313
18120210
18123709
18124122
18123905
18123013
18123413
18121316
18120315
18124116
18120129
18124318
18125520
18122325
18122121
18125519
18122812
18124216
18125623
18124232
18124226
18124822
18120329
18120629
18121408
18120403
18120303
18121409
18122633
18123131
18120935
18124126
18121538
18121228
18123633
18120529
18121033
18123411
18124710
18122416
18122508
18121710
18121108
18125211
18121509
18120309
18121618
18122807
18123213
18122617
18120509
18124508
18124108
18122713
18125210
18122618
18120115
18123212
18125010
18121412
18124109
18121109
18120310
18121206
18123012
18124711
18122318
18121041
18121431
18121018
18120928
18122124
18121529
18123020
18121020
18123418
18120217
18121728
18121528
18121818
18122025
18125026
18122221
18122917
18123121
18125304
18121005
18125009
18123607
18124706
18122314
18120312
18122143
18125128
18123122
18121721
18120528
18121306
18120506
18120109
18121706
18122804
18122110
18124608
18123009
18124606
18124504
18125506
18124102
18125507
18125608
18124207
18122005
18123805
18121511
18124615
18125013
18121510
18123217
18122423
18120917
18124713
18121911
18123705
18125012
18122422
18124511
18122421
18122115
18122017
18122621
18124810
18125615
18123602
18122703
18122401
18121701
18120801
18123401
18122001
18123201
18121201
18122702
18122402
18122501
18124602
18125327
18121927
18122037
18122142
18120534
18121928
18120624
18122434
18122041
18123529
18125538
18125329
18122441
18121447
18120817
18121235
18125147
18120818
18120819
18122926
18125146
18120328
18120131
18122014
18121740
18121329
18121542
18121541
18122237
18124532
18123321
18123715
18125433
18121739
18121543
18121442
18120719
18123320
18123425
18123716
18122236
18121133
18122141
18122446
18120321
18121034
18125430
18122431
18121539
18125032
18121229
18121320
18120322
18123021
18121321
18124819
18120136
18124707
18120606
18124807
18121205
18122901
18123208
18122011
18121909
18125117
18124809
18122114
18120311
18121207
18121110
18124742
18122833
18124634
18121454
18120152
18122611
18120539
18123435
18124539
18124426
18120540
18123326
18125252
18121931
18122442
18123718
18124427
18122929
18124832
18122634
18124130
18123719
18125046
18125045
18121612
18123828
18123042
18120331
18120940
18125044
18124635
18121930
18123433
18123829
18125335
18125437
18123434
18124741
18121632
18124815
18125622
18124317
18124514
18120530
18121130
18125603
18122803
18120701
18121704
18122202
18120206
18125109
18123406
18123702
18123006
18124025
18120531
18122326
18120212
18124011
18124517
18125130
18121915
18120813
18124414
18120215
18123832
18120546
18120154
18120327
18125328
18123113
18123436
18120541
18120542
18122736
18121456
18122443
18121455
18121633
18125635
18125253
18124339
18121549
18121717
18123109
18122412
18124308
18124106
18122008
18120806
18120508
18124309
18120308
18123209
18124611
18124709
18122413
18122009
18122414
18123207
18123615
18124315
18124616
18124617
18121912
18124110
18124512
18121111
18125014
18125415
18123412
18124833
18121932
18125047
18122930
18121118
18121520
18121723
18122815
18123814
18125226
18121914
18121913
18121017
18121521
18122023
18123518
18123815
18125421
18124817
18120130
18120618
18123517
18121233
18121628
18121117
18120925
18125313
18125129
18121523
18124814
18120417
18121621
18120919
18120416
18121426
18121517
18125222
18121719
18121810
18125124
18121606
18120811
18121807
18122514
18121809
18121808
18122020
18125518
18120515
18120418
18122810
18122120
18120128
18123224
18121518
18122324
18121519
18121516
18124813
18122811
18125621
18121213
18123708
18122308
18122802
18122301
18124503
18123001
18125103
18122801
18121303
18124303
18122002
18125104
18122305
18120504
18120903
18125604
18125002
18121613
18121903
18123104
18122307
18124302
18121002
18124502
18121614
18123204
18121601
18123102
18123504
18124205
18123103
18120103
18120301
18123501
18125003
18124704
18124304
18120202
18125205
18121102
18120402
18120907
18124101
18123405
18120802
18120803
18121101
18123802
18120902
18123606
18125605
18123002
18124202
18125204
18121803
18122705
18125106
18122106
18120503
18120502
18125001
18121802
18123202
18125004
18120104
18123404
18122504
18123402
18123605
18120102
18123203
18124403
18121503
18120204
18124802
18121304
18124203
18122306
18122601
18120905
18123205
18125404
18121003
18122704
18123503
18122105
18123603
18125006
18122311
18123502
18121702
18122302
18122304
18122503
18125007
18122613
18121402
18121502
18125402
18125203
18124605
18123101
18121302
18122309
18125504
18122303
18123003
18125105
18125005
18121703
18120904
18122310
18123604
18124204
18122706
18120816
18123818
18123127
18121626
18125625
18121729
18124520
18121216
18120119
18124904
18120410
18120622
18120717
18120222
18125526
18123026
18125237
18124330
18121410
18121709
18120114
18124612
18122712
18121908
18120113
18124107
18120112
18125115
18123904
18124613
18121129
18125411
18124405
18122410
18125412
18122906
18120405
18125306
18120804
18121708
18125613
18121906
18121707
18122507
18121907
18120910
18121008
18125114
18124610
18120110
18123803
18121009
18122409
18121106
18120111
18120306
18122111
18121107
18125209
18124708
18120305
18125141
18122729
18122435
18121629
18120535
18124629
18122728
18125224
18120419
18123812
18123811
18125125
18124319
18122122
18123622
18121607
18124320
18125314
18124716
18121936
18125223
18124009
18125419
18124413
18124010
18121811
18120922
18122719
18124717
18121116
18123119
18124718
18121016
18125126
18121904
18125208
18121007
18120605
18125113
18124104
18122506
18123608
18123703
18125410
18121507
18124306
18121305
18123410
18124806
18124209
18122007
18125305
18125510
18124607
18125511
18122109
18122407
18123314
18123315
18124331
18123027
18121733
18125239
18124727
18125620
18121315
18122912
18123223
18125601
18121401
18122101
18125501
18124601
18124501
18124409
18122418
18121711
18124312
18125414
18120807
18120510
18121010
18124509
18121603
18120407
18123110
18122417
18124510
18122419
18123214
18121310
18121619
18124210
18125118
18124712
18120915
18122619
18123506
18123507
18120808
18121414
18125212
18125011
18122808
18120116
18120914
18121413
18124311
18121309
18121910
18120211
18120927
18120304
18120404
18124307
18122408
18124609
18123704
08120201
02120101
12120401
19120301
15120301
23120201
21120601
11120101
13120101
20120701
20120401
04120501
08120202
03120201
07120401
06120201
10120101
22120601
22120101
21120801
15120101
16120201
21120101
22120201
03120202
14120101
01120401
16120701
11120102
23120101
01120601
04120201
22120701
06120301
09120301
07120402
07120301
22120703
22120702
08120207
20120315
15120411
09120215
16120208
06120309
06120209
06120210
22120312
22120911
24120107
11120207
22120516
10120610
19120112
10120415
04120601
14120305
01120406
03120205
04120405
14120111
21120512
03120104
10120102
02120206
04120101
10120401
14120601
22120301
17120201
21120201
08120203
22121001
08120101
12120901
24120101
16120601
20120702
15120601
09120201
11120103
12120101
13120201
01120501
01120614
22120902
10120601
01120101
02120403
16120305
13120206
09120106
12120104
15120404
02120205
22120305
20120106
10120407
10120202
20120706
21120509
19120202
20120507
10120412
12120504
16120205
15120304
14120706
16120206
21120306
20120603
22121006
12120107
12120209
06120205
01120303
20120306
20120709
08120110
20120708
12120603
07120103
02120207
20120208
21120110
23120204
20120307
15120607
15120106
24120103
20120514
04120506
16120413
08120114
19120213
13120316
10120416
20120515
06120211
15120511
24120108
20120516
01120205
08120115
10120310
14120116
11120119
19120113
08120216
21120314
01120413
16120309
15120110
22120812
14120206
10120717
01120414
12120413
04120431
12120607
07120409
12120511
20120213
21120516
13120420
19120127
11120615
15120333
12120704
10120218
12120427
02120117
09120323
16120423
20120523
22120733
23120127
04120519
07120530
23120128
10120628
21120739
15120525
15120626
01120121
02120224
01120217
02120120
08120231
24120123
06120122
03120251
22120629
22120135
10120523
22120237
08120138
07120221
04120404
22120806
16120306
21120227
21120332
01120706
21120406
19120203
02120308
10120408
22120607
20120408
02120105
21120710
03120206
10120708
20120304
22120908
12120207
01120301
21120209
20120707
12120206
10120302
11120601
03120103
21120808
10120727
21120335
03120252
21120711
16120605
12120210
12120907
22120206
07120407
09120403
12120908
15120506
10120713
10120504
21120111
20120710
04120503
10120204
06120104
16120405
21120806
22120713
10120108
22120307
21120307
12120108
17120203
22120106
14120306
04120106
20120209
01120104
11120111
14120407
01120510
07120510
10120607
11120605
02120309
22120511
13120308
12120110
10120107
01120509
20120509
11120110
13120207
20120604
20120510
22120807
20120308
01120708
21120713
09120306
20120411
10120714
01120105
10120306
13120307
14120605
15120609
15120407
14120406
14120307
14120308
02120416
22120509
08120306
08120210
16120406
22120909
03120212
20120606
19120107
21120714
23120205
02120208
22120207
16120107
04120203
14120502
20120210
22121905
23120104
22120107
07120104
03120210
01120408
22120712
06120206
15120508
03120211
10120715
22120108
20120211
22120510
10120307
03120303
21120210
22120105
10120712
20120605
17120107
16120106
08120111
11120112
04120406
12120303
07120512
15120206
22120109
06120105
10120716
03120105
13120309
22120714
12120804
08120209
14120707
21120112
23120105
12120411
21120308
20120309
21120606
02120106
08120307
20120410
23120106
01120409
15120305
15120608
21120408
06120304
07120511
14120501
23120206
12120109
21120513
22120809
19120108
10120308
15120406
21120409
12120703
02120418
14120606
10120414
21120410
14120112
09120305
06120306
23120107
06120307
21120712
20120508
08120311
22121008
07120203
02120424
08120116
04120605
10120409
10120709
12120502
21120804
07120406
06120103
15120306
22120715
22120611
11120403
21120411
01120604
16120508
12120422
24120119
22121913
09120121
04120119
07120211
03120240
22120538
21120701
02120404
14120701
02120405
22120302
20120206
11120602
02120410
10120710
13120404
21120108
12120208
10120303
22121003
10120410
22120608
15120605
13120102
07120508
14120102
21120607
14120104
03120207
10120106
10120105
22121004
21120109
12120302
22121902
10120502
19120105
03120208
19120205
09120304
10120711
13120103
16120203
13120306
14120109
16120204
07120102
04120502
01120202
19120206
22120506
10120805
12120105
10120304
02120411
22120609
22120610
06120303
21120805
11120603
08120302
10120804
10120606
22121903
09120107
15120405
03120209
17120202
01120507
20120305
22120512
14120204
07120408
14120607
12120909
02120419
10120109
01120304
20120511
22120308
20120412
04120407
01120410
11120114
14120310
09120307
04120107
22120309
14120309
20120310
16120705
20120110
07120105
16120509
07120202
17120108
13120406
21120809
13120110
21120719
16120310
22120813
22120518
21120517
11120606
24120109
03120223
17120114
15120613
10120613
12120113
22120912
10120311
22120313
22120116
15120413
07120410
01120108
19120115
21120519
11120120
15120113
12120809
20120112
11120607
21120116
01120516
22121009
14120312
14120504
15120512
09120217
16120414
02120109
09120113
01120206
06120107
14120207
09120114
13120111
15120112
15120614
21120609
22120115
22120614
10120612
12120114
20120317
14120313
15120111
17120115
19120214
16120512
15120211
15120412
06120310
01120514
14120117
14120409
21120117
19120114
21120315
08120218
16120610
21120518
12120115
09120407
02120425
10120614
05120312
04120411
01120710
23120110
22121010
15120313
13120409
20120318
22120520
01120517
14120610
08120217
01120515
01120709
22120517
14120503
21120720
01120109
16120609
22120519
07120308
04120410
04120606
04120304
11120134
21120326
19120224
21120327
03120241
07120528
16120318
14120711
12120423
15120327
20120222
14120216
08120328
15120422
07120318
15120423
15120524
08120128
07120212
20120616
23120218
11120135
14120512
12120309
20120122
10120120
12120525
14120122
10120318
21120622
03120242
09120226
04120216
23120123
22120926
03120313
02120220
22120131
17120123
04120120
23120220
22120626
22120925
22120224
12120920
10120816
10120724
21120328
22121016
09120416
09120321
20120617
02120115
09120228
22120539
15120522
15120523
21120225
04120516
21120126
17120124
09120417
10120214
01120524
20120125
12120125
19120128
12120919
23120124
06120322
14120123
20120327
10120213
21120127
20120124
09120227
14120418
13120120
10120815
07120421
09120122
07120420
01120116
04120309
01120525
12120526
04120517
23120219
07120114
22120927
04120611
21120834
21120537
02120121
22120324
02120442
21120743
21120437
19120321
01120528
15120632
17120130
12120821
14120713
19120320
13120328
15120126
22120738
20120628
22120141
10120435
14120324
09120127
20120433
02120420
21120842
02120453
22121027
03120122
08120232
12120224
16120718
22120739
21120438
22120325
01120428
23120226
07120531
04120220
21120230
10120819
14120513
14120127
15120531
22121020
08120132
22120231
15120338
16120216
08120227
01120425
15120526
10120219
03120247
16120424
16120425
01120424
23120310
01120426
12120428
22120734
20120725
02120118
15120427
01120313
21120134
22120828
16120521
15120627
10120429
12120614
16120520
15120527
20120126
04120124
16120522
04120426
22120829
03120315
04120313
11120505
22120627
15120628
06120118
21120740
11120617
19120228
01120118
21120625
06120119
19120131
21120229
17120128
22120928
22120227
21120228
17120127
07120424
21120626
07120321
13120422
11120138
08120228
03120248
13120401
03120301
22120602
02120301
11120301
07120404
22120705
10120703
14120105
21120502
13120208
22120110
23120207
06120207
24120105
13120408
09120404
15120307
12120506
24120106
06120308
09120109
09120308
12120505
13120407
17120110
23120109
09120108
03120214
20120111
21120412
23120108
13120104
07120305
19120109
22120810
12120604
21120310
09120110
12120910
22120612
16120707
09120405
20120311
03120216
09120212
21120715
11120116
20120711
03120213
12120507
01120511
03120304
21120413
17120109
13120105
16120706
08120112
23120302
21120311
16120606
22120716
01120512
08120113
01120305
12120806
03120215
04120204
22121906
14120621
07120422
03120116
03120314
09120322
14120622
19120319
10120215
15120224
06120115
10120216
24120120
10120626
03120243
09120418
07120423
03120244
16120614
14120623
07120213
15120329
12120503
22120507
08120107
09120213
21120211
02120310
11120302
12120211
15120513
01120606
01120518
22120914
12120414
21120721
21120418
22120814
10120312
22120117
14120118
20120713
03120306
22120913
16120415
01120110
22120521
15120514
22120118
12120608
06120212
22120314
16120611
04120110
23120111
21120810
10120807
20120113
21120128
21120829
02120319
23120221
16120523
20120524
21120627
11120506
21120636
10120428
14120124
10120427
13120222
13120301
20120101
01120402
22120603
17120101
01120201
16120101
12120402
21120129
21120226
15120625
04120610
04120134
16120222
15120537
19120323
21120130
13120128
09120239
02120450
10120732
12120824
09120329
04120135
17120214
03120121
14120430
01120534
15120432
15120433
12120926
15120505
07120201
03120217
20120712
02120201
02120412
20120207
17120111
10120111
02120436
22120630
12120106
01120411
02120107
12120111
15120408
22120310
13120410
21120521
03120117
15120229
11120309
10120225
19120140
16120128
21120650
12120403
12120609
10120417
12120512
22120120
09120218
21120610
11120208
21120611
16120108
20120714
22120216
15120114
15120315
02120429
21120522
19120308
16120210
22120616
15120212
09120408
16120109
14120410
17120206
23120117
01120208
14120505
21120811
22120119
23120112
20120416
10120616
08120314
14120708
04120412
07120519
15120414
23120114
22120615
10120719
01120415
08120313
03120225
10120808
23120115
09120115
22120721
15120415
21120812
21120118
19120117
19120116
07120518
09120315
10120510
21120815
21120215
03120106
15120515
12120415
15120615
21120523
07120204
20120319
13120412
21120317
08120316
03120227
15120213
06120312
20120214
22120215
02120314
10120615
16120708
23120303
13120113
20120321
14120208
12120416
16120209
19120118
14120119
12120810
22120816
21120216
10120419
16120709
17120116
22120121
21120420
22120122
12120417
08120318
10120809
22120523
09120316
12120119
21120817
17120117
13120413
23120116
04120208
14120612
22120818
02120214
19120309
17120205
13120411
10120718
10120112
21120419
14120611
03120307
16120111
07120412
10120420
16120311
21120818
21120722
08120317
11120503
20120417
20120419
15120316
14120411
06120313
07120521
21120813
04120526
11120121
04120111
15120115
09120409
14120209
16120312
12120306
11120124
12120514
16120112
03120107
12120513
22120915
06120214
04120507
19120215
21120316
04120112
12120116
20120320
07120309
11120123
10120507
22120522
16120110
21120814
20120418
08120118
10120418
01120607
08120120
20120420
15120214
09120116
22120218
15120215
23120118
01120111
22120720
03120226
02120315
03120224
23120113
03120308
04120607
21120723
21120816
22120815
08120119
02120110
21120612
10120313
10120508
11120122
13120112
21120421
07120520
06120215
06120311
21120524
09120219
10120207
02120213
15120314
01120207
16120113
19120310
23120208
10120720
10120208
16120313
15120617
04120305
10120509
19120216
06120216
06120314
12120117
15120516
12120118
13120317
24120110
13120131
19120325
17120215
21120339
10120734
11120147
14120131
22120744
12120826
12120227
17120139
04120137
20120530
21120847
14120519
14120632
03120263
14120514
23120311
21120744
08120133
14120128
13120329
20120227
13120424
04120127
06120328
17120131
23120312
15120226
14120423
16120617
06120123
16120618
10120520
03120254
12120432
20120127
07120117
08120332
13120226
10120728
12120531
11120142
21120538
13120125
20120228
09120325
15120429
10120123
01120529
21120439
14120219
03120255
16120526
09120326
04120612
02120444
10120631
04120319
10120630
20120624
14120129
09120235
22120326
23120227
02120225
14120321
13120425
21120631
11120619
15120339
07120425
12120822
04120128
12120225
04120129
14120715
14120626
14120714
13120227
14120627
15120340
10120327
09120234
14120422
21120835
16120525
22120930
15120127
16120219
10120122
16120123
02120443
08120233
21120440
16120427
16120527
24120124
22120833
14120424
13120126
21120632
16120528
14120520
12120304
21120113
20120413
22120718
09120111
15120434
19120137
16120721
11120146
15120538
02120454
21120142
10120529
10120335
07120222
14120135
01120225
09120245
14120638
23120238
02120231
23120140
06120225
01120224
14120136
01120123
21120343
01120538
22120244
12120538
19120330
22121033
23120320
02120455
20120437
02120437
13120421
22120903
21120329
10120528
21120301
20120501
10120201
21120703
02120102
20120402
21120602
12120904
11120104
15120102
10120402
16120403
01120502
16120702
15120502
01120503
22120502
04120424
01120216
03120316
06120120
16120120
15120334
04120314
12120615
23120129
04120125
06120221
16120121
02120119
03120249
20120621
22120322
11120139
22120134
24120111
22120524
16120612
08120319
06120323
21120533
11120136
15120124
21120836
12120827
22120208
19120306
13120129
21120338
07120535
21120441
22120835
16120125
22120933
02120326
10120822
21120843
01120532
21120238
22120742
15120539
07120427
12120825
06120127
20120432
01120618
11120507
19120233
22120140
02120126
19120234
15120635
08120137
03120258
21120239
14120428
20120434
03120264
22120836
21120540
21120848
04120222
10120608
12120911
07120513
03120220
17120112
22120719
13120311
15120208
07120306
13120209
04120108
09120309
14120608
09120312
20120312
14120609
12120508
08120212
01120107
15120610
16120407
01120306
15120509
03120218
22120811
07120515
02120311
02120421
01120106
15120309
01120307
02120210
08120214
21120416
10120309
13120107
07120514
10120110
04120408
15120107
09120310
21120212
13120108
13120106
20120512
21120414
04120205
15120611
01120513
11120205
11120206
16120408
22120209
15120108
01120412
22120210
12120605
21120415
15120311
16120411
22120211
07120307
14120205
21120608
04120603
16120607
14120113
01120605
21120716
04120206
22120311
08120211
16120409
13120210
09120112
08120213
09120214
17120113
20120414
16120410
09120311
15120109
15120308
15120310
22120722
16120416
16120417
01120519
12120121
12120120
10120231
01120711
14120412
21120218
21120318
15120216
10120619
08120124
22120315
22120819
21120820
13120318
21120821
12120610
21120320
14120506
10120618
01120309
22120618
22120916
20120421
19120312
07120205
07120310
09120117
09120410
21120724
23120119
04120306
01120310
21120319
15120618
04120415
15120619
15120217
08120122
14120613
19120120
04120413
04120113
10120512
02120215
21120725
15120416
09120412
13120211
08120123
12120611
07120414
11120126
22120316
10120811
01120520
19120119
11120608
21120527
24120112
02120112
15120517
21120120
15120620
20120216
21120119
08120219
10120209
21120217
10120617
02120111
21120525
03120229
01120521
13120116
01120112
09120317
12120811
12120418
13120212
03120108
06120109
15120219
01120608
09120318
07120311
10120721
09120319
19120217
15120518
09120411
21120423
22120723
17120120
19120121
11120125
22121012
16120314
07120206
10120422
20120422
14120615
10120511
13120114
03120228
22120917
22120617
07120109
21120219
08120322
13120319
15120220
09120413
01120416
12120515
07120312
12120516
20120423
20120717
21120220
22121908
10120314
03120109
08120320
08120323
20120715
21120424
22120219
04120509
11120609
20120117
14120213
04120414
08120321
14120212
10120621
08120220
06120217
19120311
21120422
14120614
12120212
15120218
03120110
16120213
06120218
10120113
04120508
01120417
17120118
10120810
21120528
01120522
15120221
17120119
21120425
22120619
21120526
22121011
01120209
14120210
14120211
07120413
09120221
01120210
15120317
06120108
20120215
10120421
20120716
04120416
04120417
13120213
12120419
21120726
08120125
21120221
12120914
21120121
24120113
20120718
20120217
20120609
21120321
04120510
21120428
16120513
11120209
03120230
17120121
10120812
12120420
13120215
04120209
21120426
20120720
16120710
11120128
21120222
22120317
22120724
11120610
01120609
23120304
22120918
21120727
01120610
21120614
19120122
21120427
01120418
13120414
11120611
16120418
20120424
14120616
10120514
10120513
14120413
03120310
16120419
07120207
19120123
02120430
03120111
13120214
16120711
06120317
06120315
06120316
04120511
01120419
07120110
16120420
09120222
10120423
07120523
15120116
14120214
02120431
01120113
22120820
20120610
09120118
08120126
12120307
08120324
16120315
15120319
19120313
20120721
22120919
20120323
21120223
22120318
12120916
11120210
20120322
21120728
24120114
03120231
22120123
04120418
15120318
14120314
21120615
20120719
09120223
17120122
02120317
11120127
12120517
03120112
17120207
08120221
15120117
01120611
22120525
14120709
09120229
24120121
23120222
12120921
13120325
12120424
13120121
04120310
22120540
06120220
21120736
15120225
22120320
11120616
22120730
20120328
17120125
12120819
20120724
22120731
16120715
13120122
02120321
21120831
04120520
12120219
10120220
22120735
13120225
08120229
16120616
08120134
07120322
11120143
20120229
16120428
23120313
06120124
20120230
07120323
12120129
11120307
16120722
16120433
14120332
10120823
22121026
03120259
20120129
10120524
02120451
10120433
12120533
06120336
20120334
15120435
10120129
16120224
23120235
11120149
15120236
21120141
08120142
07120429
02120329
01120713
10120320
15120330
12120527
07120319
21120737
23120125
02120322
13120124
12120705
02120325
22120136
11120144
10120329
21120231
06120329
16120220
22120137
04120524
20120231
08120108
10120104
12120509
21120717
21120807
20120313
07120516
15120612
21120302
11120105
16120503
12120404
20120201
15120201
16120504
07120517
09120313
19120209
01120203
16120608
21120114
22120212
21120313
02120211
20120415
20120314
01120308
11120117
13120312
22120111
13120109
19120110
22120613
02120422
22120513
08120308
02120212
01120204
12120917
12120518
04120512
14120617
21120729
23120305
08120326
15120417
21120322
04120513
10120211
23120209
22120124
13120320
15120621
01120114
23120211
10120424
16120514
07120111
22120620
10120515
15120320
14120120
21120324
12120812
14120414
15120418
24120115
22120526
19120314
21120323
20120118
19120315
13120216
21120429
21120529
04120419
12120308
11120303
14120415
20120119
12120813
04120211
06120111
22120821
14120315
02120432
22120621
22120725
22120220
14120507
23120210
12120814
10120315
12120519
23120120
03120232
15120419
01120314
22120830
06120121
23120130
01120715
16120429
02120445
06120339
12120130
12120534
10120436
22120142
09120330
16120724
15120441
20120436
13120233
12120707
15120350
16120533
24120126
02120230
23120236
15120351
12120131
15120140
16120129
12120537
08120342
03120322
22120936
03120270
12120536
10120826
22120840
17120143
03120269
07120540
12120437
10120635
22120243
15120352
09120336
22121021
22120931
10120825
20120731
03120123
21120849
21120541
10120224
20120531
03120268
10120226
22120241
17120141
20120134
14120635
19120239
02120202
12120201
10120403
10120609
10120806
21120730
23120212
15120103
01120403
20120102
22120203
12120202
06120102
10120301
21120204
20120202
10120501
09120103
12120701
14120301
12120601
14120401
15120202
22121901
21120504
07120503
17120103
20120403
16120202
07120405
16120102
04120103
02120204
10120405
02120104
14120404
15120203
20120103
14120302
16120301
22120505
12120205
15120104
06120202
20120704
02120407
20120503
14120201
21120402
10120404
02120303
11120106
21120706
22120907
20120205
15120604
21120707
21120205
21120103
15120402
21120401
02120304
22120904
20120203
12120102
16120302
17120105
12120906
02120409
22120804
16120105
22120504
01120504
21120105
21120403
23120103
14120702
06120302
23120102
21120107
03120302
14120106
15120302
09120204
16120304
07120101
10120704
12120405
09120203
22120709
08120206
21120704
19120303
22120706
21120404
15120602
12120802
14120203
05120203
17120104
15120303
22120906
14120703
08120205
20120502
17120102
01120102
12120203
20120302
22120707
13120204
15120503
13120302
21120506
22120604
13120303
14120403
11120107
10120705
09120207
14120405
20120504
19120102
22120708
15120403
07120304
09120208
20120104
12120501
12120103
10120406
22120805
21120405
21120104
22120801
09120303
21120206
16120104
21120802
22120710
16120303
04120602
04120202
21120208
22120304
22120803
23120202
12120407
15120603
20120405
08120301
02120302
01120505
16120703
09120205
21120507
23120203
16120505
09120206
20120601
22120802
22120204
19120103
10120604
10120803
01120404
14120604
07120504
10120605
13120202
12120905
07120302
01120103
02120203
14120202
02120408
01120702
22120605
20120303
11120501
11120402
16120604
01120703
09120209
16120507
10120706
14120603
12120409
14120704
09120105
19120304
17120106
01120602
11120108
14120705
02120307
19120201
14120303
21120207
20120204
24120102
11120202
12120204
16120404
10120801
12120301
02120306
22120711
01120506
04120401
13120203
07120502
14120602
21120303
09120402
07120506
03120204
19120104
09120104
04120403
12120602
07120507
10120602
04120104
03120203
04120105
20120404
13120402
12120702
22120503
22120103
13120305
14120304
21120705
16120103
07120303
16120704
10120603
14120402
01120701
16120506
10120802
21120604
21120603
20120506
22120905
04120402
01120704
10120707
07120505
15120105
21120508
21120708
20120602
22120104
13120304
14120107
09120102
08120106
20120105
21120304
21120511
01120302
15120606
10120503
08120208
08120303
01120508
10120305
22120508
10120203
20120107
19120106
11120604
08120304
16120307
01120707
08120305
22120112
13120229
06120337
16120530
13120130
03120260
16120723
22120547
09120240
21120748
21120651
10120336
23120240
11120509
10120828
07120509
19120207
14120110
20120409
02120414
15120204
13120405
20120108
21120305
11120109
02120413
21120213
17120204
14120408
11120405
13120326
04120315
09120422
12120310
12120616
09120236
15120532
10120330
07120532
21120642
03120265
11120508
22120637
02120327
10120332
20120435
14120325
08120339
10120228
12120830
10120130
14120134
15120137
14120328
09120332
14120429
20120529
22120634
10120525
21120749
09120124
15120132
13120429
22121915
22120236
14120323
16120223
20120732
10120437
16120621
04120136
22120548
06120222
15120138
13120334
15120234
10120735
15120349
21120140
07120106
22121007
22120245
08120333
10120729
12120606
11120118
19120210
22120514
21120543
11120219
22121920
10120634
10120736
07120123
16120324
15120639
04120430
21120738
08120226
19120225
20120223
23120126
23120307
13120223
10120817
10120725
01120214
10120321
06120324
12120425
20120618
15120331
21120131
02120221
21120830
03120245
04120123
01120316
08120334
16120619
15120438
08120341
20120536
14120636
15120439
15120139
13120426
07120324
10120331
22120327
11120406
10120221
22120631
22120622
15120321
03120233
23120121
21120616
21120822
12120612
15120222
15120335
21120333
22120230
02120440
22120929
01120315
15120336
10120629
22120228
10120430
02120323
04120316
03120118
15120629
21120432
21120628
14120624
10120431
20120225
01120527
12120820
11120618
19120132
16120122
20120622
09120231
12120429
16120716
21120832
22120229
16120426
04120427
08120129
04120318
04120317
15120528
20120623
21120138
08120239
22121005
10120622
12120815
13120415
04120114
07120415
07120313
13120321
01120420
06120318
22120125
12120520
14120215
22120920
24120116
22121909
22120527
20120218
12120816
15120322
13120322
01120311
12120528
21120623
20120619
23120308
03120246
22120732
14120125
14120419
12120218
21120624
21120534
14120318
06120116
19120129
04120518
06120325
01120117
02120222
04120311
10120322
06120326
06120117
22120225
01120615
02120116
02120438
07120215
09120421
12120922
23120131
11120140
09120123
06120128
15120346
02120227
07120327
07120428
21120542
07120121
19120236
15120134
16120434
16120435
13120232
22120335
23120234
12120434
12120828
08120340
03120266
11120148
24120125
22121917
20120629
13120330
09120129
15120135
09120242
12120230
22120638
06120340
01120535
19120237
22121918
02120328
16120625
03120319
15120638
03120267
22120336
12120829
22121028
14120633
22120639
15120543
21120643
16120532
09120428
21120242
12120435
14120521
17120140
08120139
22121029
22120550
15120232
12120928
22120143
02120128
06120341
22121030
13120331
14120326
15120136
21120442
15120347
19120327
10120527
21120648
22120641
08120141
21120341
12120831
15120356
10120227
16120325
14120637
13120432
21120342
15120440
04120224
14120330
09120244
07120328
23120318
23120138
06120342
01120619
10120334
06120224
20120235
01120536
11120310
22120146
15120353
09120335
23120139
20120537
09120334
22120147
15120545
12120833
12120231
07120330
19120329
03120323
11120150
19120328
12120709
23120237
07120430
10120827
03120324
01120318
03120321
02120123
04120613
21120336
14120426
10120521
11120407
14120425
15120430
21120746
21120837
21120232
02120446
03120257
17120212
23120135
10120124
04120130
19120230
10120222
07120533
07120118
15120431
08120234
15120128
23120228
15120533
16120620
07120325
08120335
06120330
16120430
23120136
23120134
06120130
13120132
20120133
14120329
07120122
12120535
20120534
21120649
22120205
01120705
20120513
15120209
16120510
16120511
04120504
06120208
04120409
13120314
12120912
13120313
15120312
09120406
12120807
04120207
19120211
04120301
02120312
04120604
12120808
22120213
10120506
09120314
02120423
15120410
16120412
10120206
07120107
06120106
19120307
21120417
19120212
14120114
14120628
22120632
11120145
22121022
15120437
16120436
21120340
22120640
10120438
04120323
20120630
21120443
14120327
22121031
08120240
22121919
14120634
03120320
04120223
01120430
07120539
10120128
19120326
20120533
20120631
14120132
11120217
21120644
22120551
11120218
16120437
12120618
04120525
11120410
22120242
15120235
17120142
16120515
08120222
22120822
16120613
02120441
13120423
06120327
16120319
20120330
04120521
20120226
13120427
15120341
12120128
15120534
02120447
17120213
08120136
01120218
22120144
22120839
20120234
10120726
15120630
12120221
14120625
21120742
15120529
09120232
08120130
20120727
03120250
23120223
10120326
02120324
10120121
22120831
22120736
22120628
15120428
12120220
21120741
12120529
14120420
21120535
21120135
16120320
20120728
21120434
15120125
04120219
04120522
19120134
09120233
21120435
04120523
14120126
01120714
01120119
10120518
22120737
23120224
12120223
21120629
07120216
08120329
16120717
15120337
08120131
14120218
23120132
22120832
01120120
20120525
21120833
23120133
21120436
19120133
12120127
13120327
22120323
08120330
12120222
04120126
19120229
23120225
15120631
20120331
21120536
11120141
13120134
16120524
16120217
15120348
09120333
01120719
20120535
22120745
19120238
01120603
11120203
19120305
15120118
22120837
21120214
22120114
19120111
15120210
22120921
16120118
13120332
20120406
06120203
01120405
21120605
14120115
02120313
04120109
03120222
12120412
04120505
20120722
22120528
12120521
01120421
03120271
22120726
22121910
06120219
02120114
16120214
13120323
04120115
21120530
01120422
22120126
23120306
11120612
10120813
19120218
22120529
07120314
07120112
22120127
21120731
20120723
19120219
14120618
16120215
20120517
12120122
22120922
19120316
11120304
21120732
11120211
22121013
23120309
02120439
14120319
07120529
22121017
20120620
14120320
19120226
13120123
15120424
04120312
22120132
20120428
12120126
15120332
17120144
07120320
19120227
22121018
22120226
01120215
21120133
11120137
10120818
21120132
17120126
10120516
01120616
14120421
01120427
11120215
14120712
16120218
15120530
10120519
21120334
07120217
10120820
15120634
19120231
20120626
23120314
21120234
14120716
01120716
23120229
09120237
06120331
02120330
12120311
20120232
21120633
22120328
15120342
10120730
10120223
12120823
19120136
20120526
08120336
12120924
21120136
21120634
16120529
01120122
14120515
09120423
15120227
10120126
10120125
17120132
22120329
16120119
22120541
09120419
22120133
10120323
22120321
14120217
12120426
15120425
10120324
04120425
13120224
01120312
15120426
04120218
10120627
02120223
16120615
20120224
10120217
20120729
12120431
12120430
12120530
16120321
22120138
21120838
16120431
15120129
14120629
21120235
20120527
01120219
01120429
23120230
01120220
22120932
22120633
14120427
07120326
22120330
19120232
22120740
22121023
16120432
21120115
12120305
08120309
03120234
03120235
17120137
04120428
22121032
08120215
22120515
04120608
22120923
16120114
10120212
22121014
10120114
10120115
10120116
02120216
03120113
09120119
04120116
07120208
14120121
16120713
22120823
12120213
24120117
20120425
16120712
04120212
15120119
01120423
09120414
19120221
15120519
07120416
22120824
16120714
22120623
19120124
16120421
04120514
07120113
01120612
19120125
21120618
04120213
15120324
22120128
22120222
06120319
03120236
06120112
23120213
17120208
06120320
14120508
15120622
10120316
22120319
19120220
21120617
24120118
15120323
22120129
01120712
09120224
03120311
15120520
22120624
13120117
16120516
11120613
12120918
20120120
15120521
11120305
14120524
23120214
01120211
01120523
20120324
20120520
22120825
21120430
15120120
03120312
15120624
21120825
22120531
22120532
08120224
22120727
13120416
13120217
22120924
21120125
14120619
08120127
21120826
21120124
20120615
09120415
20120427
12120522
20120325
21120431
23120122
12120214
22120130
15120623
22120625
22120530
16120518
11120212
22121911
14120710
17120209
16120422
10120426
20120219
22121015
21120619
04120421
21120824
20120220
14120525
19120318
03120237
13120218
20120611
21120823
13120418
20120612
23120215
22120728
03120239
10120624
12120123
21120224
13120417
20120519
11120130
21120325
11120404
03120238
12120124
04120215
20120613
13120419
19120222
12120613
07120315
02120217
07120316
04120214
04120117
11120504
21120828
22121912
12120524
14120317
07120317
01120115
20120614
07120418
09120120
15120325
01120613
10120723
22120537
08120225
20120518
12120215
01120212
16120517
04120422
12120523
10120814
08120327
21120733
22120533
22120534
21120734
07120526
07120527
10120722
10120118
15120326
14120511
06120113
07120417
10120623
23120216
22120826
22120827
16120116
04120420
23120217
21120531
13120221
17120210
04120118
07120525
21120827
15120122
21120532
04120515
14120316
16120115
19120317
15120420
13120219
16120317
12120817
20120121
02120433
04120609
07120210
16120519
04120423
14120416
17120211
22120536
20120326
15120223
12120818
14120510
10120625
10120117
13120220
02120318
07120419
22120535
06120114
14120509
11120132
21120620
12120421
22120729
01120213
06120321
07120524
20120522
15120121
11120213
21120735
02120218
19120126
19120223
14120417
09120320
09120225
08120223
22120223
11120614
15120421
13120324
12120216
14120620
13120118
21120621
20120221
04120307
07120534
16120719
11120306
09120424
04120131
21120635
22120331
14120630
23120315
23120231
01120717
01120530
08120236
02120229
19120141
10120439
15120640
23120239
13120205
20120705
22121002
14120108
11120204
15120504
21120709
21120645
10120333
13120333
13120431
22120838
15120233
04120429
22120239
11120308
20120132
21120646
23120316
08120241
22120238
09120429
21120647
19120139
22120337
22120552
08120140
06120129
09120130
20120131
21120139
22121019
10120432
21120630
22120542
15120130
09120238
22120834
06120125
22120544
13120127
15120343
22120741
20120333
16120720
02120448
14120631
20120332
14120516
10120632
04120132
22120332
04120320
20120431
21120747
22120543
04120133
08120337
02120449
21120236
01120221
21120137
22121024
23120232
20120233
10120522
07120426
20120128
14120517
17120134
04120614
20120430
01120718
16120322
15120535
15120544
12120832
12120708
21120850
22120553
23120319
22120642
07120329
22120148
07120116
12120902
07120501
22120704
16120501
12120801
10120103
20120301
08120102
13120136
16120401
21120203
19120302
20120703
09120302
22120202
19120101
07120403
22120901
06120101
21120202
21120702
12120903
14120103
15120401
22120501
16120602
10120702
15120501
08120103
16120402
10120701
02120401
22120102
21120501
16120502
08120105
08120104
11120216
19120135
22120233
10120821
02120226
20120528
06120332
16120124
21120539
12120532
22120545
22120234
12120433
12120706
06120333
14120322
01120531
01120222
21120840
21120237
21120841
13120428
06120126
15120536
19120322
08120338
14120518
15120228
12120226
01120317
22120235
20120627
16120221
06120334
09120327
13120228
09120328
17120136
15120131
03120120
01120617
22120139
15120345
12120925
22120546
23120137
06120335
23120233
04120225
20120633
15120354
15120355
12120438
01120319
13120133
20120135
21120143
10120230
09120131
16120438
21120243
06120343
11120311
14120133
22120240
02120228
08120242
22120145
23120317
10120119
02120219
22120549
09120426
16120323
10120526
07120536
15120541
21120240
10120733
21120637
16120531
09120126
15120636
17120138
14120130
08120237
07120120
01120533
19120235
04120221
07120218
07120219
09120427
21120638
06120338
15120542
20120130
12120312
21120241
07120537
09120241
13120231
10120127
21120640
11120409
21120641
21120750
15120637
22120334
13120430
19120138
22120934
16120126
03120317
21120844
16120623
09120125
11120620
04120615
22120935
15120436
07120538
20120730
15120230
21120639
21120845
10120434
13120230
16120622
12120927
22120635
06120223
01120537
08120310
04120302
02120108
20120212
15120133
21120846
16120624
03120262
22120636
22120743
07120220
10120824
31121005
31121011
31121010
31121008
31121004
31121013
16120626
15120142
31121006
31121001
31121012
31121009
31121003
31121007
30120128
24120104
30120183
30121052
30121220
30125071
30121313
30121017
30121253
30121216
30121165
30121127KJ
30121196
30121072
30120169
30121184
30121067
24120122
30121317
30121043
30121310
30121304
30121134KJ
30121157
30121075
30120044
01120407
01120526
01120620
01120431
05120101
05120504
05120506
05120505
05120208
05120310
05120426
05120522
05120124
05120123
05120224
05120332
05120432
05120132
05120405
05120406
05120407
05120206
05120408
05120105
05120311
05120412
05120209
05120107
05120220
05120421
05120120
05120225
05120223
05120301
05120409
05120305
05120106
05120121
05120313
05120210
05120201
05120129
05120221
05120328
05120525
05120508
05120211
05120109
05120507
05120110
05120413
05120510
05120314
05120213
05120212
05120511
05120108
05120315
05120509
05120227
05120226
05120228
05120523
05120323
05120306
05120334
05120534
05120234
05120401
05120302
05120428
05120329
05120526
05120231
05120330
05120503
05120410
05120307
05120317
05120316
05120214
05120215
05120512
05120414
05120513
05120111
05120514
05120216
05120319
05120318
05120415
05120326
05120308
05120112
05120113
05120320
05120416
05120114
05120303
05120304
05120403
05120202
05120235
05120204
05120402
05120103
05120501
05120404
05120205
05120104
05120502
05120133
05120434
05120431
05120422
05120515
05120115
05120134
05120417
05120222
05120423
05120529
05120333
05120530
05120232
05120233
05120533
05120411
05120309
05120531
05120433
05120516
05120324
05120126
05120128
05120427
05120127
05120125
05120424
05120116
05120117
05120322
05120122
05120325
05120130
05120425
05120229
05120118
05120517
05120518
05120119
05120521
05120218
05120219
05120520
05120519
05120418
05120217
05120321
05120420
05120419
05120532
05120524
05120429
05120430
05120230
05120102
05120131
05120327
05120527
05120528
05120331
02120415
02120417
02120209
02120435
02120426
02120428
02120122
02120406
02120316
02120129
02120113
02120103
02120305
02120320
02120434
02120125
02120127
02120452
15120123
15120328
15120207
15120616
15120633
15120409
15120540
15120344
15120237
15120231
17120420
17120422
17120423
17120425
17120427
17120405
17120416
17120418
17120419
17120409
17120404
17120426
17120429
17120401
17120414
17120406
17120408
17120415
17120411
17120421
17120410
17120417
17120428
17120402
17120407
17120129
17120403
17120424
17120133
17120413
17120412
17120135
04120303
04120217
04120321
04120210
04120324
04120322
04120308
04120138
04120121
04120102
03120305
03120115
03120101
03120253
03120219
03120102
03120318
03120256
03120221
03120114
03120119
03120261
14120311
14120220
11120115
11120214
11120502
11120201
11120401
11120129
11120133
11120131
11120408
12120803
12120805
12120913
12120436
12120915
12120217
12120112
12120228
12120406
12120408
12120410
12120923
12120617
13120315
13120119
13120310
13120115
13120135
19120208
19120204
19120130
19120240
19120324
07120115
07120411
07120522
07120214
07120209
07120119
08120312
08120315
08120117
08120121
08120325
08120204
08120109
08120135
08120238
08120331
08120235
10120413
10120411
10120319
10120325
10120205
10120328
10120229
10120620
10120210
10120517
10120425
10120317
10120731
09120210
09120420
09120211
09120216
09120128
09120401
09120202
09120220
09120230
09120324
09120101
09120425
09120243
21120102
21120510
21120407
21120309
21120718
21120520
21120514
21120819
21120745
21120312
21120613
21120330
21120505
21120503
21120106
21120331
21120433
21120233
21120337
21120123
20120109
20120316
20120123
20120726
20120114
20120607
20120115
20120608
20120116
20120505
20120625
20120532
20120632
20120407
20120426
20120438
20120521
16120207
16120211
16120212
16120603
16120308
16120225
16120127
16120316
18120627
18125145
18125612
18124121
18125509
18124905
18121212
18122156
18121015
18124526
18120628
18125025
18125632
18123430
18125543
18122737
18125050
18121933
18123920
18122526
18123509
18125521
18125514
18125257
18125151
18124734
18125148
18121813
18125416
18124831
18120538
18125633
18121750
18123137
18124424
18121935
18120632
18125541
18124907
18122043
18124824
18124730
18121231
18120155
18121923
18125140
18123901
18125107
18122013
18122615
18124324
18124736
18125255
18120440
18125544
18125423
18124211
18124112
18123616
18125215
18125417
18124213
18122144
18125533
18123510
18123623
18124117
18124729
18125029
18124725
18121822
18122033
18121821
18122724
18125235
18125136
18122107
18125513
18121905
18125505
18120533
18125326
18122924
18125431
18122907
18122339
18120635
18125542
18123638
18124314
18124901
18121404
18125403
18121504
18120203
18120911
18124105
06120204
06120213
06120110
22120808
22120910
22120306
22121914
22120717
22121907
22120554
22120817
22120217
22120303
22121916
22120333
22120221
22121904
22120606
22120214
22120232