18114404
18111205
18111206
18115605
18111207
18111808
18115120
18115335
18114704
18112306
18113407
18114001
18112307
18114503
18111605
18113406
18113123
18111913
18114915
18110431
18111536
18114826
18112521
18110306
18112423
18113132
18111121
18112424
18115406
18113526
18112320
18114011
18115617
18114118
18111824
18112427
18115114
18111543
18110239
18114433
18110532
18112136
18113346
18112723
18111437
18110817
18111807
18115243
18112015
18113209
18110108
18112606
18110345
18115022
18112628
18112728
18110720
18115405
18114215
18110217
18112323
18113408
18112608
18111210
18111007
18115329
18115707
18114832
18115035
18113605
18115715
18114506
18111105
18114332
18112137
18115613
18114909
18113704
18114709
18111330
18115023
18112724
18114905
18112530
18112830
18112138
18111326
18110914
18112617
18111529
18112119
18111708
18115520
18114706
18110806
18111305
18114614
18110906
18110107
18112906
18113309
18113504
18113104
18115721
18115019
18114105
18115603
18111613
18111414
18112508
18113216
18112905
18115408
18114830
18112914
18112509
18114415
18111521
18112510
18110420
18112915
18111616
18114417
18114610
18115031
18111215
18114715
18114007
18111107
18112117
18114314
18114924
18113318
18113014
18113421
18111524
18110320
18115130
18112118
18111908
18115218
18110419
18114612
18115811
18112708
18111615
18115816
18112615
18112810
18110319
18115529
18110318
18113420
18111522
18114315
18112214
18115123
18113710
18112213
18114112
18112310
18115828
18114611
18115115
18111011
18115006
18115208
18114113
18115419
18111314
18115701
18111617
18111418
18112215
18110211
18113712
18113807
18115118
18114416
18115404
18111313
18110513
18114317
18115720
18114212
18112511
18114318
18112512
18111618
18115623
18111523
18115420
18111818
18113015
18115619
18110512
18110101
18112801
18113501
18115522
18110208
18112207
18110703
18111608
18111204
18113202
18112601
18114819
18115711
18113319
18110514
18110212
18114809
18111707
18113621
18111635
18112109
18110311
18112221
18110126
18112715
18112123
18113809
18110127
18115248
18111827
18115364
18115810
18114928
18111232
18114528
18112327
18110531
18115505
18110508
18113007
18113107
18112809
18115517
18114418
18112311
18113016
18112709
18113511
18114716
18112216
18113813
18115817
18113225
18110134
18114523
18114428
18113624
18111918
18114911
18114017
18111836
18111325
18111726
18112322
18112621
18114126
18114328
18110333
18113128
18114625
18114817
18114724
18111631
18112718
18115502
18110229
18112022
18113921
18115709
18113424
18113425
18113335
18113336
18114127
18111119
18110133
18112321
18112231
18110435
18112230
18114429
18110613
18112023
18114624
18113623
18112928
18113224
18115516
18111432
18112526
18111226
18114919
18112824
18112145
18110721
18113437
18112838
18115316
18112531
18114831
18113353
18110936
18114736
18112431
18113039
18112629
18115519
18112239
18112240
18113634
18111555
18115620
18114224
18115417
18114636
18112532
18110246
18115723
18113038
18112432
18111235
18112033
18112241
18112332
18110444
18115727
18110149
18111439
18111848
18112939
18112839
18112032
18114738
18111647
18115319
18114338
18112144
18115340
18115105
18110148
18113728
18110935
18115424
18111646
18115530
18112146
18115222
18114737
18110918
18115346
18110223
18114902
18112820
18112226
18111018
18111831
18114721
18112819
18112922
18114615
18111534
18112225
18114420
18112139
18115228
18110713
18115345
18115301
18112232
18112024
18110135
18110335
18115121
18113337
18110928
18110712
18111837
18115226
18111919
18110230
18115832
18111028
18112135
18114020
18111541
18110530
18111843
18111329
18111542
18111436
18115829
18112611
18111611
18115718
18114206
18110705
18111212
18111512
18113211
18114110
18112006
18110121
18111309
18114510
18115308
18110128
18111720
18112816
18111428
18112817
18115216
18115526
18111427
18111829
18113119
18111424
18111223
18114326
18112017
18111626
18115251
18111625
18112019
18115427
18114518
18115706
18113918
18113022
18115007
18113328
18112518
18113810
18112018
18115821
18115313
18110427
18111425
18112519
18114325
18115710
18110521
18111426
18113717
18114424
18115410
18113222
18115127
18114120
18112124
18114930
18115415
18113517
18113120
18112312
18111528
18114613
18112308
18113008
18110910
18110119
18111901
18112016
18111828
18110425
18114423
18113021
18111533
18115361
18112517
18112222
18111624
18113020
18110426
18114340
18112034
18112301
18113341
18114728
18111122
18112722
18113529
18113032
18115232
18115132
18112828
18114927
18115235
18113432
18110338
18110141
18112918
18115314
18110921
18113631
18113630
18115354
18115112
18113503
18111103
18111203
18111717
18112703
18113903
18110504
18115402
18115326
18113508
18110413
18115032
18112245
18110446
18112622
18113303
18115034
18111902
18111506
18111530
18114920
18112630
18113635
18114444
18114733
18114823
18114321
18115426
18110516
18112612
18111010
18111924
18112726
18110440
18115027
18115133
18114335
18110147
18113234
18115503
18111548
18111926
18111638
18110340
18110142
18113034
18110343
18111641
18114632
18111547
18112934
18114133
18112236
18110932
18111846
18110144
18115413
18110933
18113929
18110934
18111334
18115333
18112833
18112237
18112936
18110341
18115116
18110344
18115363
18115017
18110442
18115803
18113232
18113349
18112140
18112429
18111639
18114529
18113037
18110240
18115616
18115119
18113036
18115823
18114334
18115834
18113633
18113435
18114336
18115725
18110439
18111731
18113530
18113348
18111545
18113433
18110617
18111125
18111438
18114922
18115025
18115624
18110242
18115111
18110339
18115128
18114435
18114437
18111847
18114631
18113726
18110342
18112141
18113436
18112330
18112329
18111730
18110243
18115820
18113928
18114434
18111333
18115131
18113235
18115501
18115365
18114222
18114436
18111644
18111549
18115206
18115305
18114630
18110534
18113233
18114925
18110241
18110146
18115307
18111331
18114805
18112832
18115332
18115729
18111643
18115825
18113727
18112835
18110616
18112142
18111642
18115815
18111126
18111714
18111124
18115009
18114633
18112031
18115414
18111640
18114132
18115835
18111925
18111729
18115220
18115812
18111332
18112834
18113434
18111845
18112727
18110143
18111713
18111732
18111550
18113134
18114438
18115113
18110145
18110818
18110441
18113035
18115334
18111546
18112120
18113113
18113018
18111420
18114322
18114010
18110611
18110216
18114516
18114727
18114220
18110529
18113227
18113525
18113339
18114801
18110436
18113722
18114128
18115139
18114725
18115604
18110528
18111632
18110137
18115016
18111921
18111633
18114628
18114430
18114626
18113030
18115011
18115507
18114431
18112624
18114330
18111433
18115021
18111120
18111728
18112325
18114524
18112623
18114627
18110138
18114908
18111025
18111227
18114329
18111634
18112720
18111727
18112025
18110233
18111228
18111327
18111434
18110527
18111229
18115827
18113625
18110234
18114726
18113723
18113131
18111841
18112422
18112233
18113338
18112719
18114018
18112421
18112026
18115024
18111539
18113626
18113922
18110931
18115227
18112202
18111406
18114916
18110517
18112714
18111531
18113515
18111004
18110307
18114403
18115205
18111603
18112904
18110904
18114502
18110905
18115610
18111129
18114705
18110405
18112107
18112407
18113904
18114904
18112932
18113221
18114422
18113118
18112122
18115629
18110709
18112418
18111221
18113617
18112921
18111114
18111826
18111026
18112309
18115213
18110401
18112501
18113601
18111401
18114302
18114301
18111402
18114825
18113203
18110301
18114803
18115531
18112302
18113927
18114802
18110620
18112243
18115343
18112940
18115355
18110247
18112533
18115523
18114811
18112840
18112841
18114135
18115428
18114918
18112729
18110445
18113930
18113040
18113438
18114443
18115238
18115425
18113354
18113820
18110150
18113240
18112147
18110820
18113238
18110538
18110346
18112242
18111130
18113355
18114442
18111556
18110819
18113533
18114815
18113239
18110536
18114637
18114740
18114339
18110537
18115607
18110619
18111440
18114739
18111930
18114913
18115306
18110937
18112244
18113136
18112613
18110911
18112913
18112912
18111514
18114511
18113012
18110317
18112114
18112116
18110609
18115207
18113011
18115104
18112008
18111415
18113315
18113317
18111515
18111815
18115030
18111311
18114512
18115808
18111214
18113316
18115237
18115719
18111517
18114005
18112115
18111814
18110510
18111310
18115233
18115324
18114409
18114412
18112210
18111516
18114820
18110210
18114313
18114410
18114312
18113418
18110807
18115317
18115311
18112412
18112113
18115409
18114411
18115012
18115247
18114609
18112209
18111816
18111312
18111416
18110808
18113806
18110209
18115342
18112415
18114808
18113709
18113419
18115805
18113214
18111907
18114812
18112211
18111817
18113215
18111719
18111519
18113910
18110122
18115357
18112414
18111417
18114111
18112413
18112212
18114413
18114004
18114311
18111005
18112406
18112704
18111809
18115137
18110505
18111407
18112826
18112825
18113527
18111328
18113345
18112326
18114526
18111231
18111842
18112529
18113344
18113815
18110336
18112721
18110238
18110438
18112027
18113724
18111923
18110930
18114731
18114527
18113343
18114130
18113528
18111027
18112528
18110140
18110614
18114131
18113814
18113816
18111922
18115716
18111711
18113230
18115224
18110716
18112425
18115110
18110816
18113924
18115029
18112626
18110337
18114525
18114730
18115358
18111435
18111540
18112028
18115627
18110815
18111614
18111520
18114713
18114931
18114714
18111601
18113201
18111801
18111701
18112402
18110402
18115309
18114414
18110912
18114208
18113013
18110511
18114214
18115225
18115033
18112805
18112012
18112514
18115129
18110526
18114104
18111408
18114732
18115321
18113925
18112426
18115712
18114331
18113628
18113231
18115351
18113817
18115714
18115242
18114009
18111013
18111316
18113713
18113613
18114419
18115831
18115630
18110326
18111526
18110215
18113109
18113415
18110607
18113909
18111511
18114711
18110415
18115312
18111211
18111706
18111003
18115101
18112020
18112224
18110917
18112818
18111321
18110329
18114807
18114520
18110612
18114013
18113718
18110522
18114718
18110916
18114421
18114323
18113117
18113716
18113019
18114517
18113326
18112920
18112014
18115214
18110708
18115830
18112313
18111825
18111113
18112417
18114119
18112919
18113325
18115336
18115320
18110423
18111422
18111220
18114117
18111535
18113920
18114327
18113033
18111636
18110429
18115515
18110518
18110610
18111014
18111822
18112218
18112219
18112814
18113514
18110915
18115201
18112713
18115322
18112217
18111112
18111015
18113110
18112411
18113213
18113130
18112324
18110136
18115209
18115015
18112527
18110327
18112813
18111604
18112203
18113307
18111117
18112131
18112132
18110226
18115221
18110711
18113023
18111225
18113329
18115608
18110813
18115717
18110129
18110710
18111915
18112923
18113719
18111832
18113618
18114218
18113919
18112316
18111019
18113223
18113331
18111324
18111629
18111116
18113026
18110130
18110523
18115802
18113521
18112522
18114923
18112620
18115211
18113028
18112317
18115212
18111723
18112524
18114618
18111725
18115302
18112130
18115252
18113720
18114619
18114125
18111834
18115117
18112021
18110924
18112924
18114015
18112523
18112319
18114834
18115626
18111628
18110925
18114723
18115401
18114124
18112821
18112318
18114427
18114521
18113124
18115628
18111914
18111323
18112716
18112128
18113029
18110228
18113127
18115602
18110433
18114621
18113811
18112127
18110131
18113024
18112925
18115359
18113027
18115219
18111916
18113125
18114929
18114622
18115506
18115525
18114425
18111115
18114426
18114921
18111627
18112926
18115801
18111322
18111537
18112229
18111724
18110330
18110227
18110434
18112525
18111833
18111020
18113330
18112129
18110926
18115344
18112822
18115217
18110812
18110922
18112823
18113812
18115703
18115527
18114623
18115350
18111022
18114522
18111023
18113619
18114806
18111021
18112228
18115511
18110331
18110923
18114620
18115407
18114121
18115611
18113332
18110109
18114617
18112520
18114722
18110811
18112314
18110920
18111721
18111224
18112125
18112227
18110430
18111501
18110125
18114324
18110608
18111222
18110424
18113916
18111911
18110219
18115625
18112516
18111317
18112618
18113516
18111421
18112121
18110328
18110520
18113324
18112013
18112917
18115126
18112220
18113115
18111623
18111219
18112804
18113703
18112605
18113502
18113604
18110805
18113305
18115702
18115138
18113615
18115236
18111551
18112238
18115003
18112315
18110408
18115124
18110701
18114307
18114204
18115606
18112807
18112711
18115323
18113414
18114006
18111413
18114515
18111622
18110913
18113614
18113715
18113714
18112009
18115136
18111216
18111110
18115348
18114116
18113512
18113112
18112234
18111917
18111024
18112927
18110525
18112030
18112328
18113632
18110407
18112706
18110907
18113226
18112420
18110231
18113523
18115514
18115360
18110232
18110314
18115612
18112206
18113005
18114205
18115249
18114407
18113312
18113413
18114308
18114406
18111410
18110113
18111008
18114107
18113106
18110115
18110114
18115330
18110604
18110410
18111106
18110205
18110411
18110615
18112725
18112627
18110220
18113908
18110116
18110221
18113917
18111320
18115807
18110422
18112705
18114833
18115412
18110310
18111306
18112001
18110309
18115028
18112002
18111903
18111527
18115824
18114717
18114509
18110218
18110111
18112806
18113003
18113409
18111904
18110406
18113311
18115422
18115509
18114504
18111208
18114914
18110308
18115135
18115528
18114304
18115339
18115002
18114408
18113010
18115241
18113416
18110706
18112007
18114818
18111213
18113212
18113314
18113608
18115125
18113708
18115429
18110120
18111612
18114824
18114207
18111906
18112506
18112707
18114310
18113805
18114804
18115337
18115609
18110102
18115250
18112901
18111001
18115005
18114401
18113801
18114917
18113701
18112401
18113342
18113627
18112930
18111230
18113431
18115325
18115826
18110814
18110714
18115246
18110715
18114106
18111123
18111544
18111233
18115532
18114734
18113629
18112029
18110717
18113347
18113926
18112428
18110533
18114333
18112831
18113725
18112933
18113116
18115615
18111111
18113017
18115231
18114519
18111513
18110509
18115338
18113430
18113427
18110236
18111710
18110139
18115245
18110437
18114432
18113031
18113429
18113428
18113229
18113228
18115836
18113923
18114629
18110235
18115341
18115416
18114019
18110237
18114129
18112625
18112148
18113121
18114720
18111838
18111839
18113129
18111840
18112929
18110929
18112134
18113426
18111920
18110222
18113518
18113122
18114505
18110204
18113301
18111810
18112610
18115240
18110606
18113108
18113607
18110704
18111610
18113237
18113531
18115508
18113236
18114822
18111127
18115423
18111030
18111733
18114337
18115010
18112143
18111553
18111645
18111552
18114440
18112331
18113818
18112430
18114907
18112836
18110535
18115601
18114439
18115366
18112937
18114530
18111927
18112837
18110244
18110719
18115809
18110718
18114634
18115504
18115614
18110901
18111709
18115315
18113310
18111630
18110428
18115521
18111318
18113915
18110810
18111423
18114810
18112730
18114639
18114445
18114638
18110347
18111637
18111844
18114635
18112938
18111554
18113351
18113819
18110443
18111734
18113352
18114735
18113532
18111928
18113522
18115705
18111510
18115724
18110909
18111811
18110702
18113412
18114003
18114708
18110312
18111509
18115223
18111705
18115109
18111905
18112005
18110603
18115122
18110112
18115008
18114002
18111718
18112409
18112110
18111505
18111308
18111813
18112507
18114712
18115106
18115102
18112112
18114608
18111929
18110245
18110809
18113218
18110519
18111217
18111532
18111823
18115318
18112515
18111218
18113616
18113323
18115239
18115822
18115210
18113914
18115349
18113114
18115533
18114514
18111835
18115411
18112815
18115421
18112812
18113609
18110322
18111909
18113510
18113610
18112416
18113912
18110214
18113320
18112513
18110321
18114319
18111819
18111820
18111419
18112616
18114114
18110213
18110303
18115804
18111503
18111303
18115418
18110403
18112602
18112403
18110602
18115014
18111504
18112702
18113404
18113101
18114703
18113207
18113603
18113804
18115204
18110304
18113204
18111405
18112604
18111805
18114203
18110803
18113902
18110503
18112105
18112902
18115310
18110902
18113103
18115244
18110105
18111002
18111201
18111302
18114303
18112104
18115327
18111803
18110202
18110201
18111202
18113405
18111502
18115103
18112103
18110104
18112404
18113002
18113001
18113401
18114501
18112101
18110302
18110601
18112305
18113102
18113205
18115524
18111403
18110305
18115230
18112802
18114602
18110502
18110106
18110802
18110903
18112903
18113901
18114702
18113402
18111716
18114402
18110103
18115814
18113403
18111102
18115001
18110801
18111802
18114821
18114910
18113802
18114828
18112603
18113208
18114603
18115331
18112502
18111304
18114102
18113803
18113702
18111404
18111804
18115403
18113304
18112106
18114601
18112303
18112701
18110404
18112102
18111806
18110203
18115833
18113206
18114814
18111703
18112201
18111602
18111429
18112419
18113520
18115819
18110225
18114012
18110919
18113519
18110224
18114616
18112223
18112808
18115622
18113417
18110417
18110927
18110132
18110332
18115020
18115134
18110313
18110409
18113210
18113411
18112910
18114707
18113705
18110507
18115328
18111104
18113907
18113004
18111409
18114912
18112003
18112505
18112909
18114816
18113105
18112504
18111006
18113906
18115722
18113506
18112205
18114306
18112004
18112408
18112607
18114903
18112931
18114729
18114320
18111525
18110515
18115202
18111315
18113321
18110421
18112010
18113808
18114008
18113913
18115818
18113612
18111620
18115107
18110324
18110325
18112710
18110707
18111821
18111621
18110323
18115362
18114901
18115356
18113217
18111910
18113611
18112916
18111619
18112503
18115347
18112907
18111508
18113905
18111606
18112204
18110110
18115618
18115303
18113505
18111209
18114829
18111607
18111507
18115621
18111118
18113622
18112717
18115352
18115304
18115731
18115234
18112811
18111012
18111109
18111108
18113111
18114701
18111101
18111702
18114607
18113507
18110206
18114507
18115813
18111411
18114710
18110605
18110315
18114926
18111609
18112208
18111812
18114508
18114309
18110118
18113706
18113606
18114108
18113006
18114827
18111412
18110207
18115518
18113707
18110117
18110412
18112410
18111307
18115018
18110316
18112609
18112908
18115203
18113410
18114405
18110506
11110201
06110301
21110301
03110102
11110501
22111001
23110201
03110101
11110101
14110301
14110401
16110701
21110701
21110101
15110301
14110601
21110201
04110401
21110401
01110601
01110101
07110301
17110101
23110202
15110601
05110801
12110701
03110201
04110402
22110601
06110101
07110101
04110302
24110101
09110101
20110401
12111301
21110302
02110201
17110201
03110401
15110104
23110209
02110405
15110319
22110713
05110505
10110408
07110312
12110815
12111107
08110313
08110213
19110214
13110210
04110512
11110115
12110716
12111316
22110116
21110214
04110104
14110408
19110209
23110211
08110113
10110601
21110102
03110103
21110601
22110201
16110201
05110601
08110301
08110201
12110101
12110801
08110101
21110501
20110101
22110701
16110501
05110301
04110301
21110202
07110401
22110106
01110607
23110108
16110107
21110108
09110307
05110602
01110303
22110705
21110613
12111406
22110910
12110207
20110706
11110110
10110307
20110208
20110507
20110111
21110509
12110208
21110210
10110308
09110406
19110108
20110410
08110110
11110111
21110110
17110216
01110608
22110709
12110811
05110107
12110711
15110106
12110107
05110207
14110215
11110404
12110120
02110412
10110412
02110110
03110415
16110112
04110109
20110421
15110120
02110111
03110108
13110415
11110122
20110218
05110908
24110119
16110113
22110316
20110119
15110324
14110111
17110217
07110110
16110418
21110718
15110514
22110620
16110519
20110521
13110114
10110413
15110121
11110407
11110614
02110419
08110331
08110132
13110422
21110231
01110531
14110119
01110810
15110129
10110817
15110425
16110525
01110532
11110140
14110424
21110331
22110332
10110424
15110426
14110513
15110629
22110732
13110225
21110431
03110226
10110515
07110530
08110237
11110145
10110426
08110137
20110725
20110331
16110528
21110738
12111334
07110424
21110543
21110544
01110536
01110425
05110318
01110426
06110226
20110133
21110707
04110513
14110307
17110203
22110604
05110805
14110434
21110745
10110104
07110204
15110216
12111328
09110405
17110206
10110606
02110209
11110301
21110109
21110508
22110706
22110508
03110304
21110408
20110704
10110305
11110106
21110806
02110307
20110605
09110108
12110106
15110403
09110205
14110216
15110532
11110147
14110127
14110128
23110133
22111026
15110355
13110306
12111201
10110705
16110407
14110208
21110810
13110404
12110210
15110314
22110710
20110209
20110312
12110714
15110205
10110706
11110112
09110309
21110711
17110207
22111902
12111310
22110305
15110409
01110105
16110108
21110410
10110804
19110304
16110406
19110211
12110813
21110510
17110108
21110617
06110304
01110106
21110211
21110811
01110609
20110509
12111309
12110209
08110210
14110412
22110912
19110110
12111105
07110510
09110208
24110115
10110406
10110608
14110409
05110804
12111312
04110308
08110310
14110410
04110507
10110310
20110610
21110411
10110206
12110109
11110302
01110704
19110212
09110310
21110618
07110309
15110204
05110208
07110509
20110311
11110203
11110204
21110311
20110313
22110516
22110913
10110610
21110112
11110303
10110707
06110206
23110212
12110108
12110713
20110508
20110112
15110607
20110707
15110505
02110211
20110210
13110207
04110206
14110613
12110603
01110511
17110109
13110307
07110511
11110506
09110311
11110403
21110312
20110211
11110113
12110211
15110408
09110207
01110510
16110307
19110109
07110310
14110411
15110313
13110108
16110516
01110512
20110510
05110603
13110107
20110609
11110402
01110205
16110208
14110308
05110503
21110212
14110611
10110105
01110804
05110905
19110305
15110108
08110111
21110111
22110212
12110814
03110306
12111104
06110106
24110113
10110609
14110612
15110315
07110106
24110114
16110408
07110205
14110106
12111311
07110206
08110211
08110112
08110311
09110407
07110409
24110116
01110206
21110619
14110209
22110914
10110708
01110705
07110408
01110305
13110405
15110506
16110315
22110918
14110505
04110102
16110404
14110607
02110103
02110505
07110508
14110205
10110309
02110104
22110911
21110809
22110606
02110408
04110105
02110316
11110136
16110214
05110121
20110529
22110330
19110315
14110302
21110801
04110403
10110401
23110101
07110503
24110105
15110402
07110504
03110303
23110208
01110302
01110505
05110105
19110105
06110203
12110707
08110307
05110802
08110108
05110702
06110303
16110511
12111306
15110308
21110308
20110434
05110912
21110805
22110303
22110907
22110908
13110204
21110507
20110308
13110105
12111103
10110605
13110304
07110507
12111402
07110305
16110206
23110306
12111307
24110108
16110403
20110307
12110205
04110505
16110105
22110206
20110306
16110305
09110306
22110108
16110205
07110406
12110708
16110512
08110308
01110507
20110309
22110707
10110704
22110806
21110310
15110606
02110308
10110405
22110509
11110107
12111404
15110309
10110306
20110408
15110605
20110310
03110205
19110206
10110506
10110404
15110604
07110105
13110106
10110505
20110506
14110206
14110207
15110504
12110206
16110517
23110115
12110218
16110415
04110215
22110119
01110708
24110118
07110315
16110111
04110514
04110408
22110618
21110717
12111204
21110418
16110416
17110120
05110213
19110218
05110113
01110309
11110208
22110717
01110110
20110711
13110312
12110118
03110414
14110213
09110223
13110313
12110607
06110310
07110208
20110520
22111012
12110219
04110216
07110514
14110521
10110714
13110113
13110213
03110213
03110107
20110519
03110212
22110520
14110622
02110109
15110323
10110713
21110627
06110210
10110213
10110411
22110120
08110319
17110121
16110518
05110115
21110628
15110415
21110626
04110515
15110414
03110312
01110709
05110214
15110614
01110521
09110222
22110617
21110318
15110117
23110308
10110314
10110620
22110219
16110417
05110114
16110607
08110120
14110214
11110207
12110117
12110119
16110708
15110118
20110420
22110121
15110615
22110118
12110130
11110310
11110213
07110215
20110323
12111114
11110134
22110530
21110328
22110822
09110421
04110415
05110813
16110120
13110419
14110223
01110314
12110131
21110731
04110117
01110809
23110310
14110118
06110327
15110627
15110420
05110910
12111325
24110125
12111113
21110228
01110415
20110716
22110132
10110722
10110628
09110120
14110222
21110729
22110629
20110619
22110328
21110428
08110327
01110613
14110421
12111415
12110729
22110532
23110231
15110344
04110416
05110607
12110230
06110218
21110830
07110321
10110217
12110829
22110630
02110221
16110213
22110536
14110511
15110341
09110422
22110329
04110118
15110422
04110417
16110523
12111324
15110343
04110530
23110309
21110128
10110629
16110717
22110533
15110628
14110322
10110814
22110534
11110135
07110116
23110126
21110730
13110221
05110220
20110125
05110710
02110115
02110220
19110128
22110531
21110527
22110224
14110512
21110528
20110324
14110636
13110121
21110829
14110635
17110129
15110421
10110419
10110418
22110535
15110342
10110321
08110227
11110613
14110228
17110137
06110127
05110514
19110323
04110323
13110429
02110424
22110739
08110139
10110733
15110533
16110434
01110719
08110338
15110137
12111425
01110318
02110523
09110238
21110437
22110338
13110231
16110321
11110150
15110638
09110239
02110123
14110647
07110534
21110240
20110232
12111338
04110315
07110123
22110242
22110543
22110231
23110238
22110637
07110324
03110225
14110641
20110624
22110932
08110235
22110139
13110127
07110119
08110335
07110219
14110227
16110526
21110134
21110533
22110138
15110349
02110422
03110425
05110816
07110528
02110119
13110326
16110618
10110327
04110124
15110134
22110832
14110639
22110228
10110220
21110735
20110532
03110224
01110533
12111116
19110318
13110427
23110236
21110835
21110332
07110323
21110232
05110316
04110119
21110432
02110321
16110427
10110425
21110641
07110218
02110118
08110333
20110622
21110734
03110323
20110430
01110418
15110217
09110423
11110141
06110122
10110726
07110527
15110346
04110320
08110133
01110315
02110520
08110332
20110623
13110424
02110320
09110233
13110425
04110419
10110820
19110130
15110345
20110722
05110512
13110325
08110233
11110601
12110806
09110403
21110609
22110906
24110107
21110610
02110102
22110507
10110403
07110304
12111305
13110308
14110503
22110608
09110314
12111313
13110209
01110409
05110305
04110209
01110805
08110312
04110210
01110107
04110510
22110113
22110712
10110612
05110109
15110113
15110317
12110213
01110610
10110806
15110111
06110107
13110109
12110112
15110610
21110513
22110306
05110210
09110315
09110211
15110112
09110110
13110110
04110310
12111314
13110309
15110410
15110318
10110311
12111202
21110413
16110109
06110305
16110411
21110620
12110715
14110413
06110207
21110114
21110313
22110609
13110406
05110209
09110210
01110410
22110607
05110110
10110312
22110308
22110307
22110221
16110121
08110328
01110529
20110620
03110117
21110832
10110816
19110227
23110124
19110228
13110220
10110417
15110213
22110627
19110126
15110522
14110510
23110230
22111022
22110130
24110124
01110506
02110406
22110207
09110313
05110906
07110518
13110314
12110121
05110117
01110412
14110416
15110515
22110622
05110407
01110311
21110419
21110519
14110506
17110213
22110133
03110424
13110322
05110608
10110815
13110331
06110217
09110232
01110403
10110103
16110401
20110406
01110702
15110203
09110107
04110502
15110306
16110510
20110703
04110101
21110307
08110206
05110221
08110228
20110225
10110825
20110317
04110220
14110321
19110127
04110528
03110320
20110631
01110618
07110221
13110134
22110550
06110338
01110220
20110731
17110140
12110140
20110230
07110122
21110645
22110551
22111031
22111913
16110439
11110313
12110845
15110140
02110425
08110306
14110204
04110504
07110405
07110404
01110104
22111006
22110326
20110536
12110741
16110322
12111117
20110730
10110117
12110745
15110431
13110333
05110101
23110107
22110515
15110107
22110211
12110712
12110812
21110710
13110206
05110108
03110105
19110210
22110317
22110220
15110423
20110325
01110614
10110420
21110831
02110222
21110140
06110128
22111028
09110243
09110242
21110646
21110547
01110122
12110849
05110401
08110220
21110120
22110718
03110416
09110115
11110306
21110820
10110110
16110317
12110222
08110320
12110123
22110815
12111205
13110115
13110215
04110110
15110209
16110710
09110413
23110219
21110220
12111410
15110329
07110111
09110117
10110716
14110217
22110525
16110711
11110612
12110124
08110222
01110112
12110608
22110814
14110625
13110316
20110219
06110212
04110217
21110724
22110921
11110209
11110124
11110405
15110328
14110417
02110513
06110213
22110623
02110311
10110214
08110123
22111013
12110721
01110526
11110406
09110414
11110126
15110330
05110408
03110419
01110413
23110226
23110225
21110222
16110115
21110720
20110713
07110317
20110522
21110320
02110113
16110421
05110118
22111015
11110125
01110525
03110418
20110319
15110619
22110524
06110316
13110116
22110523
01110712
16110609
21110721
21110821
21110824
02110313
05110707
12110224
15110123
12110122
15110516
20110523
20110121
05110218
22110526
11110127
06110318
08110321
22111905
04110111
16110611
21110521
20110714
23110224
20110425
17110122
22110919
12110221
05110808
20110120
20110422
07110519
21110121
16110212
06110315
21110630
08110221
04110518
20110616
05110119
08110122
10110112
01110807
22111906
23110223
07110319
22111018
12110125
20110123
19110119
11110210
06110114
14110315
16110316
22110321
12110822
20110318
19110118
02110310
11110128
21110631
06110113
07110318
21110632
03110216
21110723
22111016
08110322
22111017
15110210
22110320
13110216
21110722
20110221
22110322
01110527
13110315
22111014
20110423
03110111
20110220
10110717
06110317
21110746
21110321
12110823
09110321
07110520
15110518
10110316
07110211
15110124
14110316
09110416
15110517
12110223
14110507
05110810
10110811
01110414
09110226
10110510
05110709
12110821
05110217
19110219
21110520
20110712
05110809
02110413
21110221
09110320
10110623
15110618
22110920
15110211
22110125
10110215
22110816
21110634
04110112
16110612
09110323
01110212
11110307
21110421
10110111
21110122
07110418
22110124
04110519
17110211
23110221
23110222
05110508
21110420
07110212
11110129
07110521
17110123
05110708
16110610
03110315
02110512
03110314
08110121
10110810
20110615
20110122
16110712
03110215
12111110
09110322
06110115
02110314
04110113
17110124
19110221
14110508
01110808
19110220
15110327
03110417
19110311
22110123
06110319
21110322
14110627
12111412
15110416
09110116
02110312
15110331
13110117
12111411
20110426
21110422
21110522
07110113
20110524
21110822
14110113
20110222
10110415
06110314
12110723
22110719
21110633
10110509
16110422
09110415
19110312
05110509
21110725
20110525
24110120
23110117
15110620
15110519
14110626
23110227
04110520
14110317
23110220
22110527
15110621
21110635
12110722
07110112
13110217
01110427
04110539
21110407
06110129
01110320
15110434
21110540
20110732
15110433
22110553
16110130
06110225
22111029
20110227
13110229
03110326
12110737
20110533
08110337
22110736
22110545
21110434
22110336
10110326
15110428
03110123
16110430
07110532
11110618
20110626
01110715
23110317
22110831
12110836
03110228
11110311
03110122
05110611
22110737
12111206
01110420
08110138
13110337
14110125
15110635
22110143
15110636
12111423
24110128
14110124
20110726
15110353
11110617
01110317
21110135
21110235
15110220
20110727
03110229
02110522
14110329
05110227
20110433
16110124
02110122
12110237
13110129
11110146
09110330
21110435
21110838
10110428
20110432
16110123
09110236
13110230
19110135
19110235
15110133
20110627
03110327
10110427
01110716
07110425
07110531
05110226
10110729
02110423
17110134
15110634
10110730
15110633
16110219
22110546
15110221
21110535
14110643
10110631
12110738
09110235
15110429
22110234
22111911
04110123
10110823
14110126
22110142
20110628
10110731
10110728
12111424
12111335
13110330
22110337
07110121
21110534
19110234
14110642
01110617
16110431
15110529
03110328
04110536
05110126
04110537
21110136
05110817
21110335
21110236
16110429
21110739
22110547
13110329
13110130
03110227
05110127
15110530
05110225
12110837
15110354
16110432
07110533
21110834
15110347
15110360
21110542
17110144
11110624
23110106
13110305
21110616
01110508
02110506
16110437
14110430
15110223
11110218
07110539
21110845
12110147
22110559
21110652
04110428
04110429
15110145
07110330
02110129
22110558
22111036
21110552
02110116
21110129
15110214
03110221
22110926
22110927
09110105
09110126
14110230
08110106
01110703
04110405
16110104
05110205
02110207
09110106
24110106
22110506
09110203
12110805
21110705
14110606
07110421
16110423
22110826
10110219
03110119
15110131
21110531
22110827
12111419
16110218
21110132
13110423
06110121
15110630
10110819
22110733
06110220
10110725
15110130
06110330
01110417
08110232
10110818
16110606
22110129
12110129
04110525
21110828
08110242
11110157
04110225
01110424
01110802
12110808
15110357
21110741
10110433
20110630
23110318
10110223
12111207
13110133
13110233
06110337
10110432
19110238
22110344
05110228
03110332
11110408
01110421
04110424
09110241
10110330
15110534
11110619
14110229
01110120
01110813
22110342
14110517
22110343
02110125
15110641
05110413
21110539
11110510
14110130
22110239
22110644
22110835
22110240
16110436
04110125
22110146
11110217
12110242
07110124
10110521
20110233
12110847
15110361
22110104
10110205
12110709
22110209
05110903
11110401
05110902
21110409
22110512
16110514
19110303
15110404
02110507
15110310
07110307
14110105
02110407
01110509
22110708
07110407
16110405
16110515
10110607
19110207
24110111
11110503
22110304
16110703
05110803
22111007
02110210
19110107
19110208
06110204
01110404
21110807
01110803
11110108
21110708
16110306
20110607
04110407
22110208
22110511
22110109
21110309
22111008
20110705
22110513
11110109
11110504
22110605
24110112
03110305
12110710
14110306
12110809
14110610
14110609
08110109
14110407
04110103
15110405
15110311
12111405
22110514
22110110
04110307
22110210
20110207
04110506
09110109
12110810
19110106
16110704
08110309
03110206
15110406
01110204
20110409
23110109
15110407
21110808
22110805
14110608
09110206
07110308
23110210
22110510
16110513
15110312
22110111
08110209
20110110
15110105
11110505
12111308
01110304
07110306
06110205
16110207
13110205
19110306
20110414
04110212
07110109
13110111
22110808
08110314
22110715
05110506
07110313
20110611
21110622
08110217
14110110
06110108
03110308
23110112
22110117
10110507
21110314
09110213
07110413
16110312
21110813
17110209
20110214
12111407
20110709
21110414
12111317
08110316
17110117
10110615
08110317
21110624
21110115
14110504
08110214
04110211
02110108
04110213
15110114
09110112
10110809
14110109
21110623
21110216
15110613
05110404
05110111
01110515
14110618
12111108
03110409
05110907
21110514
16110313
19110307
20110708
08110215
21110315
22110309
10110808
23110214
12110114
21110415
10110712
03110408
13110409
13110211
08110216
20110514
19110215
03110207
23110110
08110115
11110607
07110415
20110415
13110408
15110208
08110315
21110215
12110113
14110108
05110507
16110210
12110115
12110717
08110117
14110620
06110109
12111203
07110108
12110605
20110710
14110619
20110115
07110414
06110309
13110311
06110110
04110108
13110410
16110110
15110412
13110310
17110115
19110308
19110113
11110117
20110116
20110612
01110517
14110212
10110208
03110411
21110715
22110310
09110111
15110510
09110218
17110116
14110107
12110214
11110116
10110614
20110512
22110809
22111903
15110611
01110518
12110606
11110507
20110213
17110118
21110815
22111904
12110604
09110217
22110916
03110410
21110621
23110111
16110413
01110108
15110511
17110113
01110208
20110513
06110308
12110216
01110516
01110207
10110710
05110806
22110716
15110207
09110215
09110216
12110215
20110114
15110612
10110108
07110314
21110814
11110608
02110510
13110411
10110207
19110114
17110114
09110214
22111011
20110315
12110817
10110711
01110307
09110409
11110606
22110613
11110305
21110116
02110410
09110410
05110211
20110117
11110118
20110216
21110316
19110216
13110112
15110509
04110312
10110807
20110413
10110409
14110617
16110412
16110311
08110114
22110714
22110612
11110206
13110407
10110613
05110306
06110307
12110116
20110217
13110412
12110818
05110112
10110410
14110414
10110616
16110414
16110707
01110520
16110706
14110313
20110416
21110417
20110118
19110310
05110307
17110204
03110209
05110604
12111109
04110313
19110309
16110604
01110109
10110618
19110115
16110705
10110508
22110311
13110212
21110517
10110211
21110516
21110117
22110810
04110214
10110617
10110313
05110212
07110416
05110308
03110311
15110321
23110114
21110416
22110615
11110120
23110113
10110210
09110219
11110121
20110418
06110209
03110310
05110807
01110519
21110118
09110317
22110217
08110318
15110322
11110609
11110119
23110215
22110216
20110417
22110811
15110115
01110308
02110411
14110621
09110411
13110413
22110218
01110209
07110513
21110317
19110217
16110605
11110610
08110119
20110517
10110209
03110210
02110213
19110116
10110212
08110118
05110605
17110119
08110218
15110413
23110216
22110313
03110211
22110312
23110307
22110614
21110217
20110516
20110316
15110512
15110116
10110619
12110217
05110405
01110806
09110220
12110228
14110633
17110127
21110526
03110115
22110726
15110626
21110426
08110226
12111323
22110727
16110715
11110308
06110325
04110414
22110821
03110423
07110524
09110231
22110135
02110223
22110634
17110133
14110423
22110635
21110131
23110311
08110230
08110330
24110126
04110221
14110644
16110125
12110236
07110427
15110432
21110647
23110239
12111208
12110612
20110131
14110331
21110340
21110440
05110515
16110222
07110222
09110244
22110933
06110336
21110339
21110439
20110729
19110325
22110744
16110133
07110224
01110539
14110520
12110827
13110120
06110216
02110114
14110320
15110625
06110215
08110231
22110930
20110720
10110630
12110838
22110639
06110126
21110436
19110136
10110429
07110426
12110138
10110517
20110606
19110205
20110504
07110501
14110502
16110508
08110305
07110502
16110509
08110208
02110212
17110208
17110110
03110307
04110207
07110410
04110508
22110213
17110111
04110309
01110405
11110603
01110406
07110107
24110117
14110309
21110712
19110111
01110706
09110408
20110411
09110209
14110210
09110312
15110109
22110711
21110512
22110214
15110110
10110106
10110414
11110123
16110419
16110314
22110318
12110220
04110516
14110623
05110310
04110409
16110211
15110617
22110319
21110818
03110109
09110319
07110417
16110114
07110316
04110410
13110416
07110516
16110608
05110706
13110417
09110114
16110709
06110312
10110621
16110420
03110110
15110122
01110523
04110517
14110112
06110211
05110215
07110210
23110218
05110116
22110522
05110606
01110111
10110715
07110517
05110311
01110524
12110820
21110819
05110216
23110217
21110719
01110211
01110711
15110326
01110411
10110622
12111409
23110116
06110313
22110621
15110616
14110314
02110112
09110225
05110406
07110515
14110415
01110710
14110624
19110317
23110130
09110234
13110126
12110238
10110328
10110329
10110522
01110538
03110233
09110333
08110342
23110140
22111035
16110625
15110143
12111428
20110234
22110556
15110649
14110333
04110127
23110240
01110540
12111429
05110133
01110429
22111918
21110844
09110130
14110433
12111430
21110550
10110226
22110557
02110324
01110430
16110535
08110135
13110135
22111914
15110646
17110146
20110438
12110747
20110537
21110549
10110438
16110533
14110432
01110815
03110128
01110504
16110304
12110602
04110204
21110713
15110101
06110102
23110301
12110201
15110303
16110102
21110605
22110902
08110302
20110202
03110104
16110202
20110302
09110305
05110302
02110101
14110501
05110501
04110303
21110305
06110103
23110303
20110301
13110201
23110304
23110103
16110103
14110202
19110202
17110104
05110103
21110205
05110701
12110804
01110603
23110205
02110304
20110303
17110106
16110502
02110404
22110102
05110901
01110301
20110205
24110102
02110203
15110602
19110103
11110102
21110304
19110102
03110301
21110606
15110401
21110503
06110104
10110703
19110201
09110102
14110104
10110801
22110903
21110803
02110206
01110201
21110703
02110301
04110501
05110203
24110103
09110401
22110904
05110402
12111302
14110404
10110502
21110505
07110303
16110503
08110205
16110303
21110603
10110101
21110802
20110402
08110104
12110703
07110102
09110304
12110102
20110602
14110103
17110103
22110204
14110201
09110402
13110203
10110701
20110502
01110401
14110304
22110501
22110502
20110701
22110702
15110102
20110203
22110602
22110503
22111004
16110702
16110505
23110302
14110402
19110203
21110604
09110302
09110201
02110403
08110103
20110603
10110702
12110704
21110104
08110145
13110401
21110204
15110503
03110302
07110402
02110303
10110301
15110304
21110306
11110104
16110302
16110507
21110203
14110602
04110304
02110204
22110302
16110203
10110402
12110203
05110104
23110207
20110405
21110506
05110201
21110404
20110503
21110704
22110803
14110303
15110202
13110301
21110303
14110603
22110504
13110403
01110604
06110105
21110405
13110402
20110304
14110405
06110302
12111303
05110204
17110105
12110103
04110203
02110305
14110605
12110204
09110103
12111101
09110303
14110101
05110303
22110804
21110607
12110202
12110803
11110103
22110703
22110101
10110302
23110206
05110304
20110702
08110105
11110105
21110406
09110104
10110603
16110504
17110107
03110402
04110404
17110202
14110203
01110202
01110605
07110103
14110403
14110102
23110104
01110502
05110502
20110104
09110202
13110103
15110603
20110103
08110203
21110106
16110301
20110204
20110105
22110103
12111304
21110207
02110205
22110205
10110202
02110202
03110202
05110102
23110204
21110403
20110403
23110305
22111005
08110304
01110503
02110306
16110506
04110202
14110604
02110302
08110303
13110302
22110301
10110102
01110606
15110103
19110301
24110104
21110804
21110608
12110104
12110601
15110305
15110502
05110202
01110801
07110202
20110106
03110203
22110905
21110107
10110203
20110206
01110402
01110102
22110704
10110303
22111901
07110403
23110203
10110201
21110105
10110802
22110203
21110206
20110404
22110603
22110115
11110143
13110336
24110109
04110406
10110604
13110104
16110106
20110109
21110612
24110110
21110706
05110106
07110506
01110203
20110604
21110208
21110615
09110308
21110614
05110206
12111403
10110304
20110505
20110531
12110239
23110137
05110229
10110519
15110139
16110129
12110832
10110228
02110504
22110909
20110407
10110503
20110305
14110305
08110207
04110205
19110104
07110505
16110402
10110504
01110103
08110107
02110208
16110204
09110404
19110204
20110212
16110310
22110517
16110309
04110106
10110821
12110135
03110120
04110532
22110229
15110348
14110425
15110132
12110235
10110324
01110116
06110123
01110216
22110230
14110120
11110616
09110125
09110124
04110126
05110231
04110538
16110623
15110226
09110246
17110145
04110426
05110713
13110431
19110139
15110439
10110227
02110427
12110144
14110332
16110529
22110552
04110425
07110328
15110224
16110620
22110147
10110434
09110247
21110545
22111032
01110537
22110243
16110531
10110332
23110319
08110141
11110620
22110241
08110243
22110555
05110232
14110136
15110142
22110112
09110332
05110233
15110508
22110114
06110306
20110113
15110338
14110323
16110724
02110227
09110334
01110428
12110850
01110222
02110528
10110439
07110538
12110245
17110215
16110132
03110234
02110231
15110539
24110129
02110317
24110123
22111908
16110716
12110728
16110119
10110320
02110219
14110116
03110220
21110427
20110528
22110626
21110227
04110526
04110223
01110717
12110739
15110531
19110236
22110738
21110839
12110145
16110324
15110538
16110624
21110548
15110364
19110132
13110428
02110521
04110533
15110427
03110324
14110514
06110331
21110836
12110136
11110144
17110214
04110121
20110723
01110707
20110613
09110318
09110412
03110413
20110518
08110219
09110221
20110419
21110625
02110511
22110812
22110616
21110330
10110724
08110130
22110538
22110134
23110235
13110324
07110118
21110530
21110430
22110928
14110225
05110511
12111417
22110225
12111418
14110325
19110231
22110227
02110117
20110127
22110226
04110319
12110732
16110217
12111327
22110632
20110719
22110633
01110215
07110217
22110929
05110124
14110327
12110733
22110839
01110321
22110107
04110306
13110303
12110816
09110316
16110603
06110208
20110511
22110610
22110519
15110411
12111315
04110511
14110615
23110213
14110312
14110616
20110412
01110514
10110709
07110412
09110212
04110311
15110320
11110304
22110611
10110107
05110811
10110114
12110128
15110339
21110126
22110820
08110126
10110627
19110125
13110319
06110324
17110218
20110428
15110340
01110214
02110518
22111021
22110725
15110212
09110325
09110420
06110118
04110524
14110420
16110522
21110226
04110314
21110326
04110219
03110222
11110214
19110232
22110137
14110651
01110121
09110245
21110141
07110536
08110341
17110141
13110234
15110536
08110241
14110652
21110742
15110535
14110132
15110537
11110511
21110648
02110228
21110241
22111030
16110223
05110613
19110326
15110359
23110138
10110636
12110240
21110341
11110154
03110428
17110142
15110141
05110130
12111118
12110846
10110224
02110323
22110645
13110430
15110642
15110643
17110143
22110554
10110435
02110525
01110720
22110836
22110741
10110436
22110934
12110241
16110530
12110142
22110646
14110133
21110441
10110118
12110746
01110422
12111209
08110142
22110148
22110935
02110526
07110428
10110637
12110141
02110426
09110428
22110742
07110223
05110230
01110423
12110748
10110120
22110838
22110245
12110244
17110147
06110227
15110362
12110749
14110135
21110546
20110134
11110158
15110648
07110537
16110532
12110613
06110340
14110653
16110131
10110225
02110230
04110128
15110228
06110342
08110343
06110341
07110429
02110128
14110334
12110246
01110542
15110437
09110336
09110335
12111341
04110129
14110654
15110438
01110541
15110144
21110551
07110125
11110159
13110335
20110439
21110233
20110327
04110120
23110313
08110134
10110325
02110421
12110610
21110133
23110131
11110215
09110329
22110542
14110226
22110636
10110727
08110234
14110328
22110828
05110513
22110333
21110736
15110218
08110334
12110833
23110237
21110643
12110848
10110638
09110129
09110128
05110516
15110435
13110136
22111916
02110229
19110239
20110614
12110243
05110132
12110706
10110611
07110311
07110512
04110107
22110518
15110609
11110114
16110409
12111106
14110310
05110704
01110513
03110407
02110105
12110111
14110211
02110106
03110309
05110504
11110604
19110213
21110113
07110411
01110407
20110314
10110407
16110602
04110208
15110507
04110509
11110605
14110311
21110812
15110206
10110805
15110316
13110208
05110703
01110306
16110209
02110107
01110408
11110205
22110641
05110128
22110642
03110427
09110426
13110132
12111336
20110632
04110427
08110143
14110134
11110409
21110743
06110339
22110345
16110224
11110314
03110126
13110235
12110143
12111340
16110323
15110647
02110127
12111426
22110244
10110331
14110518
06110130
12111427
20110538
22111034
22111033
19110327
22110149
15110363
12110750
02110527
02110428
21110651
12111408
21110119
22110105
12110105
17110132
22110540
10110514
13110426
22111024
16110426
07110422
11110142
22110931
21110642
13110226
22110541
19110319
01110419
12110734
05110609
24110127
21110433
04110321
14110640
05110911
21110333
21110843
21110229
16110424
04110317
16110718
09110327
12110232
05110123
21110329
01110416
23110232
23110127
10110422
20110429
01110616
14110637
17110131
16110524
12110233
12110830
16110215
15110424
22110331
13110223
13110323
13110124
10110423
05110223
13110123
04110318
03110321
06110219
21110429
21110230
17110130
21110130
21110833
05110409
08110129
23110233
09110328
20110621
02110319
05110814
09110121
01110530
22110537
16110617
02110318
11110138
10110723
07110216
22110824
22110825
13110421
14110324
15110215
10110218
23110128
10110513
09110122
15110525
06110329
08110229
20110226
20110530
23110129
13110224
12110133
20110126
21110529
20110718
16110719
10110323
01110115
16110122
06110120
07110322
19110316
12110730
07110117
03110118
12110731
12111115
19110129
05110315
11110623
21110649
22110745
23110105
22110505
15110513
10110115
11110602
06110202
14110406
19110302
03110403
20110107
15110307
04110503
21110611
20110108
03110405
21110209
02110508
22110807
14110419
10110315
22110314
12110719
01110522
15110119
01110210
22110619
19110117
05110309
21110518
22110315
23110123
03110319
12110727
09110230
16110118
16110117
22110325
15110337
21110525
19110226
14110632
17110210
09110113
21110219
22110521
01110310
22110122
06110311
13110214
12110819
11110611
12110720
15110325
09110224
22110917
17110128
05110314
14110220
21110127
06110326
04110116
14110634
15110524
11110615
10110421
13110122
19110230
13110420
12110231
10110512
22110731
12110132
14110224
12111416
21110732
08110128
13110222
06110328
20110326
15110523
22110631
01110615
12111326
20110717
14110422
04110531
08110329
23110234
16110216
12110134
12110831
11110139
23110312
22110237
16110723
16110433
12110840
20110535
14110646
14110428
16110619
10110632
03110329
14110427
20110728
09110237
19110137
01110718
01110218
20110333
22110548
10110431
04110422
22110144
15110430
03110230
20110436
07110327
10110732
11110149
01110811
22111912
12110611
16110127
06110335
10110222
03110330
15110637
10110518
23110125
11110309
14110221
12110828
19110314
02110519
22110925
07110526
13110320
12110229
22110131
08110127
22110327
04110529
22110728
05110510
22110628
14110117
07110525
06110119
04110316
08110326
03110116
19110229
01110713
02110420
15110419
16110616
22110729
20110322
12111112
12110234
08110131
04110418
14110326
12111329
03110322
22110136
16110527
22110734
22110141
16110320
12110736
21110234
03110121
14110515
12110735
12110835
22110232
07110423
09110424
12111332
05110125
20110329
12111331
19110321
13110128
22110735
12111333
20110625
21110837
14110123
04110421
15110528
19110134
13110228
08110336
14110122
15110352
22111025
02110322
04110535
20110330
15110527
06110125
20110431
22110233
21110334
21110737
16110721
15110219
12111330
08110212
22111009
12110212
15110608
02110409
05110403
21110412
21110319
22110539
16110720
05110815
01110714
20110721
16110425
16110438
21110841
03110333
03110127
21110213
14110614
16110410
03110208
17110112
03110113
22110922
03110112
08110124
02110415
07110213
02110416
02110515
04110522
22111019
15110520
20110526
12111320
09110417
08110323
22110528
10110718
10110318
02110514
11110211
17110212
02110214
15110126
17110205
22110126
06110116
04110521
12110225
21110223
23110228
21110726
22110624
14110218
21110323
21110123
10110317
06110320
03110217
12110126
08110223
15110125
14110114
15110332
16110520
04110218
01110611
12111321
15110417
14110318
19110120
09110227
23110118
07110522
16110613
02110414
03110316
03110317
22110625
03110218
10110624
12110609
12110226
22110817
04110412
23110119
10110812
21110638
06110321
15110127
20110223
09110228
21110523
21110636
06110214
10110813
02110516
12111111
14110115
16110713
21110640
21110225
07110420
20110124
04110132
17110125
05110219
01110612
21110524
11110130
08110225
21110124
21110325
14110509
10110719
22110819
09110118
24110121
22110127
21110424
16110714
06110117
12111322
02110315
14110418
08110325
01110313
21110425
03110421
22110323
14110319
22110324
22110923
15110333
04110411
02110215
12110724
20110320
16110614
17110126
16110318
13110118
08110224
21110423
01110113
15110335
04110523
21110224
09110419
12111413
10110720
09110119
21110125
19110122
22110721
02110517
20110617
03110219
11110508
15110128
08110324
15110521
20110527
14110219
14110629
10110511
13110317
22110924
12110725
01110528
21110639
12110227
05110312
23110120
22110223
23110121
02110418
03110422
10110319
12110127
21110827
11110131
02110216
15110334
10110113
07110214
05110909
19110224
12110826
10110416
02110417
12110824
16110521
05110120
11110133
01110114
07110523
16110116
13110318
20110321
06110322
03110114
02110217
11110212
20110224
13110119
19110225
14110631
21110728
15110418
14110630
03110420
16110615
11110132
08110125
04110114
22110529
19110121
15110623
22110128
13110418
07110115
24110122
21110727
13110218
19110313
14110628
07110114
22110818
04110413
22110722
03110318
22110724
23110122
22111907
23110229
12110825
15110336
09110418
22111020
22110222
21110324
20110427
13110219
19110124
05110313
22110720
10110625
21110637
07110320
10110626
22110723
09110229
19110223
01110213
09110324
10110721
15110624
12111414
06110323
10110216
19110123
04110115
02110218
20110715
20110618
11110151
15110138
15110639
21110537
14110516
02110524
13110232
08110339
12110742
08110239
13110332
15110222
17110219
02110224
05110712
11110216
05110411
14110519
04110130
14110231
12110247
12111102
12110705
21110842
11110622
23110320
01110814
05110414
01110619
10110119
10110520
22110837
12111337
20110231
05110131
22110647
05110317
10110437
15110645
15110644
16110622
13110334
16110621
21110541
11110155
01110535
15110225
11110156
22110743
20110334
05110914
20110132
01110221
02110126
11110621
22111023
05110222
10110322
05110122
23110314
06110221
15110632
23110132
05110224
22110140
10110822
20110328
23110316
23110315
12111420
02110121
08110136
03110325
14110426
16110428
01110117
15110631
12110137
12111421
06110124
06110334
19110233
04110534
01110316
13110227
13110327
07110325
07110529
22110334
12111422
19110133
20110724
01110217
07110120
07110220
15110526
12110834
22111910
15110350
19110320
02110120
04110420
06110332
22110638
04110122
22110830
05110711
14110121
04110222
15110351
22110544
06110333
16110319
22110335
08110236
10110221
24110130
07110329
15110227
13110236
22110202
21110402
12110702
17110102
13110101
01110602
23110102
21110702
21110502
15110302
02110501
02110401
01110701
20110601
15110501
10110501
20110201
20110102
09110301
04110201
02110402
16110601
22111002
11110202
22110901
21110103
20110501
01110501
02110502
08110202
08110102
15110201
12111401
12110802
06110201
07110302
21110532
09110123
22111909
01110534
20110128
13110131
05110410
20110228
22110640
20110534
12110839
11110148
22110236
15110136
22110235
14110645
16110220
22111027
09110425
10110430
21110137
21110740
17110136
16110126
21110536
01110118
17110135
19110322
21110337
16110722
06110223
22110833
04110322
15110135
11110312
12110740
09110127
20110129
14110129
20110435
05110913
05110818
10110116
21110237
21110644
05110612
20110135
09110337
14110335
11110410
08110144
22111037
16110534
10110736
05110714
20110633
22110840
14110435
14110232
15110229
06110131
05110915
03110429
10110523
21110650
22111915
23110139
14110431
22111010
22110340
21110138
17110220
21110438
21110538
22110339
12110743
03110231
14110429
10110635
02110124
10110633
21110840
14110648
04110423
22110740
14110330
01110319
20110437
01110119
01110219
20110229
22110643
22110834
11110152
05110412
15110640
23110134
12110844
10110824
12110139
15110356
16110128
19110138
23110136
02110225
03110232
21110139
01110812
14110649
21110338
20110130
04110224
02110226
11110153
09110427
09110240
20110629
07110535
16110435
22110549
21110238
10110634
22110341
03110124
10110734
12110842
21110239
22110145
03110125
03110331
08110140
06110224
19110324
22110238
23110135
12110744
15110436
22111917
03110404
09110204
03110204
08110240
10110735
05110129
08110340
14110650
14110131
17110138
15110358
17110139
31111005
31111001
04110131
31111008
31111010
31111012
31111006
31111007
30111194
30111089
30111078
30111155
30111197
30111170
05110904
03110313
05110610
03110412
05110812
19110131
02110509
02110309
02110503
17110415
17110412
17110429
17110420
17110414
17110404
17110442
17110440
17110419
17110439
17110405
17110426
17110403
17110418
17110406
17110401
17110410
17110409
17110437
17110428
17110413
17110417
17110416
17110424
17110441
17110430
17110431
17110436
17110422
17110421
17110411
17110407
17110433
17110402
17110432
17110408
17110425
17110438
17110434
17110435
17110427
31112001
04110305
03110406
03110214
03110223
03110426
11110137
11110502
12110841
12111319
12111339
12110718
12111318
12110146
12110110
12110726
21110602
12111210
12110843
13110321
13110125
13110202
13110414
19110101
19110112
07110203
07110201
07110419
08110204
08110238
10110204
09110331
09110326
631132016
21110218
631132006
631132004
631132003
21110336
631132005
631132002
631132007
631132010
631132014
21110826
631132008
631132015
20110424
20110608
20110215
16110101
22110215
18114513
18115353
18113721
18112035
18115004
18114441
18111912
18112011
18114606
18110618
18114221
18110804
18114835
18114225
18111335
18110418
18112235
18113322
18113025
18112133
18113620
18111722
18115215
18114115
18110416
18110908
06110111
06110222
22110801
22110813
22110730
08110116
22111003
22110823