1601021
1601031
1601019
1601014
1601022
1601018
1601005
1601023
1601028
1601010
1601016
1601015
1601029
1601002
1601007
1601024
1601012
1601027
1601026
1601013
1601017
1601004
1601025
1601001
1601020
1601006
1601009
1601011
1601003
1601008
1601030
1401038
1401019
1501014
1401023
1401032
1501026
1501018
1401001
1501015
1501021
1501025
1401002
1501011
1401039
1501036
1501010
1401030
1401014
1501033
1501002
1401004
1501032
1401012
1501037
1401009
1401010
1501027
1501030
1501017
1501008
1401016
1401013
1501035
1501003
1401021
1401028
1401007
1501024
1501031
1501019
1501022
1501001
1501007
1401005
1401020
1501016
1401035
1401018
1401008
1501013
1401034
1401040
1501006
1501009
1501020
1401029
1401015
1501004
1501034
1401031
1501023
1401037
1401011
1401024
1501028
1401036
1401006
1401003
1401027
1401026
1401017
1401025
1401033
1501005
1501012
1401022
1501029
1301021
1301020
1301025
1301031
1301010
1301023
1301028
1301029
1301048
1301007
1301039
1301044
1301040
1301033
1301037
1301004
1301019
1301030
1301003
1301035
1301034
1301006
1301042
1301018
1301049
1301032
1301005
1301009
1301051
1301047
1301036
1301024
1301046
1301045
1301016
1301014
1301017
1301043
1301012
1301008
1301022
1301013
1301002
1301011
1301050
1301027
1301041
1301015
1301038
1301001
1301026
01010801
06011201
16010817
06010401
14010101
03010401
18010801
06010801
21010102
16010842
09010469
01010402
06010502
12010401
04010501
16010917
06010802
22010501
06010501
01010401
08010202
06011203
03010101
15010502
14010201
19010101
20010601
06011202
14010203
21010501
09010201
07010801
15010401
08010301
07010101
10010401
14010202
19010201
01010201
18010501
22010202
01010802
21010645
01010301
04010401
13010301
18011801
06010402
21010101
20010401
17010344
14010301
08010201
12011101
07010401
20010602
17010201
23010201
12010601
17010202
05010201
06010102
18011501
05010901
16010501
06011101
03010102
22010258
10010802
12011203
17010110
17010215
14010510
21010212
14010112
05010407
12010704
10010815
20010510
16010831
01010913
12010910
05010405
01010118
18012316
15010324
20010309
13010212
10010714
14010511
05010406
21010411
04010517
18010608
16010940
17010111
03010321
15010323
18011210
21010117
04010101
07010602
20010102
06010106
18012310
14010105
07010409
09010418
15010213
08010211
18010907
16010611
16010308
18011307
09010213
16010409
18011709
14010102
12010201
06010101
07010102
18012301
12010101
12010901
13010302
01010901
02010401
18010401
10010501
10010702
08010101
16010401
04010503
01010601
04010301
04010504
15010402
18010701
13010101
06011204
06010503
15010101
18010101
05010202
11010201
15010403
16010402
09010101
07010402
15010202
13010201
12010402
21010204
10010506
07010812
14010404
22010109
18011304
22010201
09010206
01010312
13010208
18012407
12010905
15010517
16010801
13010207
18012006
01010907
05010605
15010519
08010114
18010706
13010317
07010648
04010306
17010261
21010114
11010206
14010809
22010340
08010115
22010403
06011215
18010910
08010406
15010518
07010307
10010710
17010112
21010412
05010806
12010705
08010507
15010222
12010604
16010117
16010617
16010212
16010718
21010611
14010609
14010113
06010810
04010518
08010316
06011016
13010213
15010223
05010606
07010117
21010118
14010512
13010108
18012008
19010214
12010206
09010116
14010811
01010220
18010808
12011205
18010412
02010214
10010816
18010609
12010207
18010915
08010317
18011911
16010118
15010111
18012508
06010711
18010119
22010303
22010408
18011419
01010339
20010625
22010151
08010354
05010319
21010145
04010433
19010235
15010349
09010446
09010445
21010126
15010243
02010326
06010946
13010121
18010232
02010526
16010734
06010548
05010916
16010904
08010355
10010213
20010317
06010832
01010430
12010713
10010522
09010137
20010629
17010132
16010331
07010745
09010226
18012025
08010361
06011129
21010229
15010251
18011226
03010337
02010441
16010740
16010840
21010427
04010234
19010141
18011423
02010124
07010833
08010362
14010631
18011924
13010333
23010134
11010225
18010632
01010935
13010129
10010748
08010215
21010326
06010410
10010806
05010205
07010411
14010507
07010230
02010438
22010530
15010244
20010304
21010109
21010510
10010103
04010406
18011807
17010209
04010205
06010807
07010547
18011806
08010110
07010405
08010306
13010311
18010508
06011010
01010406
04010108
14010804
15010210
16010910
16010106
06010510
14010505
22010208
01010108
18012103
14010307
18011234
05010906
18011813
21010515
06010430
06010628
01010347
05010321
08010152
17010327
07010653
07010747
22010324
18012334
17010326
06010553
16010601
05010101
12011201
03010402
15010301
15010316
21010113
01010507
21010345
16010309
16010711
03010202
09010419
10010508
16010210
06010706
06010109
21010408
18012210
01010409
20010710
04010305
05010803
18010410
04010409
06010303
12010107
10010607
10010206
04010210
01010614
16010613
14010606
01010506
04010212
14010807
07010410
06010516
05010208
03010406
07010712
03010312
10010709
20010634
05010107
06011216
06011108
14010215
02010505
20010109
11010205
12011105
23010208
13010406
18010908
20010607
03010203
18011710
18010113
16010612
22010156
06010518
18010212
12011204
18011108
08010212
06011013
02010209
11010306
05010707
12010304
15010570
01010113
01010615
05010105
14010214
04010110
06010707
01010111
20010717
20010636
13010205
06011014
10010507
13010106
08010514
15010312
06010914
18011809
02010507
21010512
16010413
12011009
03010110
08010213
08010214
02010412
17010325
01010411
11010106
14010506
01010316
08010309
20010108
06011045
03010109
08010405
18010114
16010310
07010509
07010306
16010820
12010204
22010112
16010802
02010105
04010410
06011218
10010706
05010505
10010707
14010605
22010439
12010203
13010407
18011405
02010210
18011605
02010309
06010945
14010108
07010654
05010403
18011008
18010510
20010507
09010308
03010408
15010314
18012211
05010706
16010713
06011217
18011109
20010110
01010613
01010410
07010817
14010808
06010517
16010112
07010607
09010307
12011008
15010215
16010712
06010304
03010359
10010708
08010113
14010311
21010112
15010460
16010814
10010812
10010207
07010816
15010311
01010216
18010537
15010315
15010216
04010211
05010804
13010206
06010915
18010511
05010106
21010641
15010313
15010109
13010315
06010916
14010216
10010811
12011006
20010506
14010312
03010407
18011908
06010609
01010112
18010305
18012105
15010214
12011007
09010109
01010908
18012005
09010214
09010108
05010910
15010516
06010705
22010210
19010114
18012315
18010306
03010313
20010608
20010414
07010508
18011208
02010104
06010519
18012405
08010310
06010206
03010314
16010411
07010815
18011508
16010412
14010217
13010316
13010314
15010108
18011805
20010208
07010404
12010603
15010306
02010408
09010417
07010504
07010206
18012004
01010612
16010410
07010105
18011507
07010710
06010302
06010238
07010205
04010514
01010408
06010608
21010628
07010711
16010830
04010209
06010913
01010336
10010518
16010326
06010425
12010917
01010236
03010213
07010519
03010130
14010519
18011223
22010317
03010377
12011214
08010432
13010427
06010719
07010802
21010103
18011001
04010502
16010301
20010201
02010403
02010301
18011901
14010801
15010390
07010703
06011102
09010102
10010803
01010103
16010916
17010148
02010407
09010205
09010416
02010305
18011906
15010512
15010209
19010111
07010551
06010406
17010207
01010610
02010207
21010405
17010208
07010558
16010204
21010634
14010306
17010106
18012404
09010304
03010301
13010102
17010107
16010406
16010114
05010604
17010328
14010504
01010311
18010507
18011106
13010310
23010206
06010203
06010105
21010108
06010806
09010105
05010703
20010706
21010509
23010205
09010415
05010304
01010212
07010113
18011905
05010702
04010107
14010305
18011206
04010509
14010106
03010106
07010204
01010704
21010344
01010505
18011005
11010303
12011005
08010111
16010705
18010604
18010905
09010207
10010204
12010904
09010305
06011213
16010107
01010905
07010505
14010603
21010110
16010605
11010204
14010308
18010406
18010603
04010510
01010906
01010608
01010609
07010708
01010116
18010214
06010305
03010316
14010218
06010523
12010703
06010708
11010207
10010711
22010405
06010809
02010310
01010707
07010548
15010219
18011010
08010118
18010309
06010524
06011109
17010214
17010154
16010415
20010609
20010415
21010513
04010515
02010413
16010115
08010117
02010414
15010568
22010220
18010313
20010722
18010418
15010532
16010121
03010325
16010815
18012320
21010625
05010807
17010221
07010724
18011116
20010514
18011816
01010225
06010615
06010213
16010622
01010418
20010218
13010111
03010123
15010391
06010416
22010124
20010118
16010722
17010115
15010397
20010516
21010245
10010717
14010516
15010230
04010218
16010723
16010421
01010122
20010615
18010217
12010414
07010315
14010813
07010416
07010209
17010222
14010814
09010119
04010315
22010519
12011208
18012217
16010219
07010314
18011914
18011332
10010106
22010123
08010333
04010416
20010117
05010210
22010125
13010419
08010230
18011115
12010911
07010727
18010612
18010219
06010117
12011011
18010712
09010318
15010531
22010308
05010113
13010418
14010415
01010510
18011215
20010315
18010221
18012013
06011117
06011226
08010334
08010126
21010518
12010308
11010107
15010420
10010107
10010412
05010511
07010210
04010220
18011117
01010323
07010313
04010117
18010122
07010725
20010515
14010613
03010206
18011815
12011109
06010118
10010718
03010326
13010318
06010818
06010538
03010122
22010126
22010412
08010231
01010226
18012512
07010824
01010324
19010127
18010635
04010524
11010214
04010116
09010120
18010711
14010222
14010614
07010655
23010218
10010818
03010416
04010219
21010626
02010421
18010918
11010310
08010418
05010510
15010117
06010311
09010218
03010124
15010530
01010322
11010311
02010516
20010116
17010116
09010426
08010332
11010213
21010616
18010337
22010259
12010413
07010726
05010808
08010335
18012014
11010108
01010123
18012511
10010516
06011024
16010315
18011817
21010215
08010232
21010144
23010120
18010924
01010332
10010624
18010229
18012326
06011031
08010241
10010725
03010129
21010420
15010548
16010325
07010517
18012117
18011221
17010304
07010518
12010711
16010527
02010522
07010617
16010429
07010216
03010422
18011321
08010349
18011415
18011416
02010322
18011718
03010211
21010321
02010323
23010225
07010421
10010831
16010629
18010619
18010636
18012116
15010134
22010338
18010325
13010425
15010132
20010622
18011822
20010422
12011213
19010138
01010335
15010237
15010238
18010523
07010618
15010344
14010128
05010412
01010820
01010334
01010235
08010143
13010325
06010925
15010549
07010830
18010819
11010114
16010224
18011222
18011521
12010313
06010124
06010828
06010222
20010521
03010212
18010131
12010115
23010226
18011124
13010120
01010821
07010831
05010813
22010418
06010221
12010916
06010546
15010396
23010119
19010231
16010827
15010345
01010822
09010222
04010535
16010526
14010324
08010240
05010315
08010348
05010812
07010829
05010814
22010528
08010144
12010114
08010242
06010826
04010319
08010518
06010827
08010146
18012021
01010333
14010323
03010329
01010139
12011115
13010326
17010303
05010514
01010824
02010324
06011033
16010730
04010125
15010133
14010420
02010120
18010717
06010718
18010327
21010222
07010215
06011124
18010925
01010823
12010611
18011322
16010731
05010914
13010426
01010627
21010618
04010427
23010227
06011032
18011821
09010134
10010750
08010145
21010528
01010526
09010230
16010634
07010427
18010723
11010317
03010216
15010360
16010334
09010229
14010525
07010630
10010216
17010244
16010633
10010735
18011527
12010716
18012337
10010415
07010528
01010244
16010434
18012228
17010245
10010838
16010923
01010145
08010366
12010216
05010623
05010816
12011119
14010729
07010629
06010932
06010230
17010137
17010243
15010149
07010542
13010435
07010755
17010130
18011923
16010338
06010630
13010126
05010720
20010128
14010632
01010633
18011133
01010529
08010512
15010566
07010532
15010260
15010261
05010426
22010140
19010142
08010434
12010217
16010439
20010631
04010545
18011725
02010125
01010716
14010234
07010838
18010244
06011249
17010249
03010342
18012336
06010229
07010628
04010322
08010356
22010163
18011025
01010827
20010525
15010436
21010323
04010434
03010334
06010426
16010328
02010527
12011118
16010329
06010549
06011244
06010226
23010121
04010435
22010320
13010225
16010812
06011039
16010906
06010325
01010239
22010420
15010550
01010340
07010522
07010322
15010138
09010330
22010421
06010227
14010521
07010424
09010331
18012332
18011324
09010225
08010357
13010122
13010123
18012331
20010526
05010415
03010335
18010134
18010621
14010327
02010528
15010437
11010116
15010447
18012024
07010523
18012423
18011503
10010502
01010101
16010702
16010503
16010202
07010804
18012401
03010302
06010903
03010103
01010102
20010707
21010410
09010421
06010610
18011910
20010611
03010318
08010408
14010111
07010609
06011219
04010213
02010212
06010709
16010947
21010514
08010315
18011606
03010319
06010710
06011220
01010218
09010113
08010220
11010208
10010511
07010550
07010714
02010415
18011510
05010109
07010412
12010909
01010708
09010311
15010522
20010509
18010411
17010317
03010112
22010514
22010515
06010529
18011812
18011810
18012410
02010510
20010416
06010209
05010404
18010806
14010509
09010422
23010211
04010516
14010704
14010411
10010512
15010320
15010321
15010521
19010212
16010716
04010111
04010450
18011811
09010114
07010309
16010935
18010118
15010221
03010409
02010509
01010319
16010513
23010212
16010512
06010307
13010210
02010213
20010417
13010412
09010312
18011607
18010310
22010430
01010117
06010210
03010204
15010410
01010617
10010610
05010110
18011311
10010208
12010908
21010116
14010608
08010409
12010205
18012007
01010413
03010410
22010407
06010527
14010412
03010320
16010717
06010528
08010410
08010119
22010406
16010715
19010118
10010510
06010413
16010907
03010113
01010909
16010616
22010254
17010316
16010311
16010944
08010314
08010221
06011221
14010142
01010219
15010318
06011222
18011509
20010112
22010214
15010319
18010805
18010607
08010219
08010120
06010917
08010218
08010502
04010230
01010923
03010332
15010239
04010430
20010423
06010223
01010428
06010830
01010925
18012118
01010924
16010225
06011034
03010360
18012421
04010231
11010115
15010240
06010321
06010322
06011242
09010328
14010720
18010620
19010234
06011125
17010131
10010521
01010926
08010353
18011127
10010212
06011037
22010529
06010126
15010348
04010128
18011621
05010118
05010517
09010443
05010318
06011243
07010520
01010807
06010911
18011406
01010318
18010913
13010217
03010125
06010715
09010319
12011110
06010618
18012109
15010232
07010730
06010540
21010416
05010115
01010229
14010225
09010123
06011228
11010215
06010617
15010118
07010826
06011227
14010816
16010726
02010424
15010231
18012513
18010815
18010518
20010219
16010316
17010318
15010135
01010427
05010316
22010319
11010314
16010833
14010719
03010214
04010536
18011418
14010326
07010741
04010429
18010437
15010434
15010435
03010425
18010821
05010518
02010122
05010220
15010102
07010217
18012520
05010119
15010136
08010352
08010203
10010303
16010101
15010203
07010704
16010641
07010805
01010104
23010203
20010711
10010101
18010102
07010702
18011602
20010203
18010502
07010104
01010203
02010402
10010301
20010301
18010602
10010703
21010203
19010203
21010104
01010204
17010309
14010205
14010401
12010102
01010403
10010833
07010619
15010347
18010132
21010422
05010621
05010515
21010637
08010372
18010630
06011134
12010202
16010623
12010314
21010421
10010519
02010524
18011719
08010148
18011022
12010920
03010350
10010841
01010352
22010433
07010328
07010329
06010634
11010223
04010329
20010708
07010843
15010150
07010844
02010537
18010825
08010258
06010939
16010946
20010322
15010365
16010746
07010537
04010546
20010131
15010266
06010235
08010263
07010432
12010319
18010434
10010741
06011257
06011106
04010511
02010208
21010209
16010205
14010314
09010216
22010257
16010706
21010305
02010410
21010329
18012338
18011134
02010536
05010419
08010257
10010801
10010701
18010506
13010408
07010116
16010714
13010410
10010712
07010713
14010409
18012408
01010616
13010409
22010438
08010217
01010217
13010411
16010327
14010718
08010243
19010233
17010332
20010132
18010725
06010636
01010155
05010424
05010523
12010801
05010409
02010113
06010923
05010212
01010914
10010110
08010343
07010827
10010413
21010247
10010517
05010613
16010728
19010222
16010123
09010433
21010417
08010135
10010620
18012413
17010118
15010119
07010731
19010224
01010711
16010220
08010423
17010121
20010618
05010310
18011315
14010708
21010119
17010308
01010940
14010120
12010607
18010521
09010320
04010119
08010131
15010424
05010712
08010132
16010937
13010118
14010317
04010122
18010125
18011410
16010841
01010915
08010341
10010821
02010520
05010512
18012017
10010820
06011231
06010542
13010115
09010125
13010319
18010816
07010512
16010124
04010421
06011230
22010128
11010216
13010420
07010732
17010120
02010218
21010313
16010727
02010217
02010313
12010210
18011713
08010425
06010821
23010223
14010711
18012514
14010517
09010126
15010336
06010315
06010217
03010369
15010338
02010518
06010314
10010618
03010327
13010116
18010714
12010310
18010715
01010518
18010316
17010228
21010218
18012415
12010209
17010233
03010208
08010345
18010420
18010318
08010342
17010231
23010114
17010232
21010217
08010235
14010226
09010431
13010218
02010314
14010817
07010513
06010622
03010207
09010430
17010227
21010216
17010264
18010919
17010234
08010136
04010223
15010153
23010222
15010235
21010524
07010554
13010321
06011028
09010321
04010530
04010531
08010234
21010615
10010111
16010625
18010127
22010310
23010115
18012220
06010423
12011211
22010161
22010312
05010714
07010212
14010121
20010223
20010220
16010518
18012111
09010322
10010112
22010127
04010121
13010117
15010540
02010312
15010423
15010234
06010419
04010528
15010335
18011014
15010120
01010517
06010541
18012516
12010311
02010425
07010317
10010826
06011232
19010226
15010539
17010123
09010219
21010120
17010307
17010235
16010519
18011714
06011234
12010709
16010729
18011016
11010313
12010415
01010328
18010520
07010733
07010615
22010223
08010422
21010244
18011916
18010223
12011209
06010420
18011917
18011015
06011235
07010213
17010119
22010522
10010824
14010316
21010314
06010119
17010122
22010157
21010315
18010315
15010425
08010429
13010422
14010619
14010417
18010519
10010313
14010709
04010226
08010344
13010114
14010138
08010424
10010719
17010306
15010536
17010229
18011316
18010317
10010619
04010224
14010123
18012416
08010233
02010315
01010231
05010913
18011616
01010129
20010222
12011027
17010225
01010127
18012110
06010120
14010618
16010126
21010522
18011613
17010226
01010623
06011144
12011113
16010423
15010421
20010221
10010721
21010219
02010427
09010127
18010817
11010312
18012515
01010326
12010913
14010617
13010320
14010122
02010426
14010416
18011219
05010809
06010421
06011027
18011121
16010125
10010223
01010128
16010317
06010621
01010916
10010825
18012219
09010124
10010311
10010414
21010638
16010945
16010318
08010340
22010226
18010126
10010822
01010515
04010422
15010337
17010230
16010321
21010601
05010713
14010710
20010517
15010422
12011025
22010227
10010209
12011210
14010712
10010109
14010713
18011119
14010616
06011229
15010233
18012414
18012112
01010422
04010225
06010422
06010620
18011614
18011120
15010121
07010318
01010516
15010122
15010123
04010120
14010707
18011517
06011233
01010815
09010432
13010322
04010316
21010636
07010514
06010216
18011314
18011218
22010224
10010749
01010816
21010525
19010225
06010619
18011617
01010421
14010620
08010134
05010810
04010222
14010227
18011518
12010804
15010535
02010219
06011120
10010823
12011112
01010325
21010141
10010720
01010327
06011029
13010421
08010428
18010124
12011026
04010227
01010917
04010529
14010228
15010537
22010225
19010227
18011615
01010230
06011148
12010211
01010622
01010624
21010523
08010427
10010819
06011044
12011111
22010311
08010426
10010312
08010133
06010736
18010726
02010134
18011428
01010213
05010206
18010906
18011732
23010136
02010446
08010262
05010922
13010335
07010641
01010936
01010535
04010332
14010140
23010246
16010445
18012236
16010444
08010164
05010923
13010233
18012342
16010807
06010337
06010556
12011221
03010134
16010534
21010642
02010328
01010927
08010155
22010436
13010230
10010117
01010928
09010231
21010131
15010257
07010836
18012124
17010247
10010319
07010529
22010533
18012524
05010718
16010741
18010138
07010428
06010131
08010369
20010319
08010367
18011723
04010543
16010533
20010428
18012525
05010624
23010236
21010133
06011250
01010433
08010370
05010719
15010143
19010245
14010329
14010731
21010232
23010238
14010526
06011252
17010138
04010132
10010118
21010533
16010435
15010141
07010531
01010146
13010232
15010445
18010626
22010423
14010730
12010615
03010343
12011121
07010555
10010632
18011028
06011041
20010127
04010544
16010743
07010837
01010632
15010258
01010930
21010612
12011019
15010256
16010744
15010142
21010328
12011120
18011921
21010243
02010225
18011724
06010328
21010132
16010335
18012026
22010424
18011029
20010630
12010813
18010429
19010244
03010427
07010530
20010528
13010231
06010934
06010933
07010749
03010428
07010220
15010259
05010322
18010527
18010139
08010368
23010237
03010374
13010330
07010631
06010555
23010128
21010534
09010333
08010156
18011327
09010471
17010248
05010520
07010750
01010929
16010438
10010736
08010250
01010245
10010631
16010826
15010446
06010231
08010371
18010625
15010144
19010243
01010631
06011251
18010823
12010316
10010217
01010527
18010933
18010243
21010231
16010934
06010725
15010361
17010151
08010251
04010235
06011131
16010437
01010528
16010436
18012526
14010826
16010742
01010830
01010434
07010642
21010134
22010429
09010412
18011504
10010604
05010805
04010308
15010322
07010715
13010413
07010610
11010209
10010611
17010109
18010941
12010717
05010124
18010631
16010639
21010338
18011038
01010638
16010908
06010637
02010543
14010335
03010354
09010245
14010830
22010149
06010236
14010641
15010562
10010421
17010345
12010120
18011039
23010140
16010342
07010854
18012241
10010746
18010436
01010939
06010136
03010136
18012242
01010723
14010532
07010855
21010434
03010333
14010520
18010328
04010533
18011417
08010401
09010447
09010204
15010208
14010503
18010108
08010305
01010405
15010409
18012003
18011303
01010310
20010105
15010511
16010919
07010304
04010106
14010626
09010135
06010547
09010450
18010929
01010342
15010353
06011245
06010626
14010628
09010449
14010629
07010128
15010438
20010713
06010427
12011014
16010632
15010248
15010139
12010221
11010315
19010140
10010524
03010133
12011219
17010320
14010723
16010431
16010943
16010838
18012120
15010439
16010737
23010123
07010127
15010247
18012225
04010318
03010373
22010231
05010117
13010324
12011216
23010230
07010652
21010322
16010528
01010238
06010224
06010727
12010118
15010448
16010446
17010210
01010151
10010843
06011135
09010238
08010437
09010338
08010160
05010325
09010237
01010718
18010332
06011258
15010366
14010134
18012529
18011135
16010233
18012530
10010419
16010340
06011042
04010446
06010559
16010637
14010141
14010331
21010603
01010719
08010373
15010368
01010253
02010131
03010218
07010637
18011627
08010438
07010538
21010334
05010820
01010720
06010734
14010829
01010833
17010142
18012428
20010133
03010430
18010530
17010349
08010439
17010141
16010339
14010734
12010219
22010329
04010547
04010133
11010226
15010308
10010809
16010927
08010510
11010104
04010109
18011604
02010504
06010108
05010801
01010808
04010207
07010506
16010305
19010208
22010402
07010507
18011006
07010114
21010246
07010709
18010110
01010314
03010107
17010302
16010209
10010705
17010149
06010513
06010512
16010306
06010514
02010308
18010407
16010836
16010608
03010405
04010208
02010411
17010301
05010104
18011306
09010209
10010104
16010407
11010105
01010214
14010405
18012312
18011404
20010106
18010109
06010703
06010107
20010210
18012313
21010407
20010209
06011223
03010366
16010707
04010512
20010306
09010107
14010703
20010604
04010304
01010407
07010408
05010207
13010405
10010606
16010307
07010115
01010313
05010504
22010110
08010307
08010513
15010515
16010110
05010705
04010513
18010408
20010307
09010211
17010211
16010509
16010610
06010607
14010310
16010949
03010363
18011007
05010802
18011506
03010310
01010215
16010710
21010306
18011907
20010605
03010311
14010806
16010709
20010606
20010412
18011403
13010204
06011011
08010112
05010503
12011104
18011402
06010408
07010814
01010611
03010370
05010908
18011305
21010632
10010205
07010606
03010108
06010515
18010111
16010607
06010606
18010705
04010408
16010829
16010708
05010305
18011107
23010207
19010209
09010210
06011107
06010205
22010511
18010112
01010910
15010309
18011708
18011505
10010810
06010605
05010704
16010609
05010103
10010808
10010404
05010907
08010308
09010212
07010407
18010803
10010807
09010106
14010407
14010107
05010909
13010312
07010605
06010409
01010110
14010406
08010210
10010605
18012104
01010315
15010310
13010313
15010565
06010704
06010912
18012311
08010404
22010302
18010923
22010158
04010425
22010334
14010622
03010420
14010518
14010818
22010332
01010919
21010630
22010428
10010723
02010433
01010626
14010321
06011123
18012517
15010543
18012115
05010811
23010117
18012224
09010472
18012019
07010737
23010224
21010122
18011819
20010226
12010710
06010122
18011122
02010432
08010237
02010320
22010525
14010126
18011319
22010415
16010913
22010314
13010220
05010311
07010420
22010132
17010128
05010411
12010809
08010142
01010426
09010439
14010322
10010829
18011021
01010818
01010135
12010806
16010223
17010237
09010221
01010138
15010131
16010627
16010424
20010621
14010127
18012418
20010724
07010124
15010427
10010623
22010524
23010116
12010808
12010915
07010320
16010915
12011012
07010736
01010133
06011237
21010317
23010118
18010818
05010116
10010830
10010622
06011238
22010416
18011320
01010330
14010231
07010739
13010424
13010221
15010342
18010323
19010137
02010521
06010824
19010229
15010340
18011318
12010807
18012324
18010618
16010324
06011121
02010434
01010714
02010321
08010431
14010715
04010534
15010546
18011414
08010141
04010426
03010128
12010113
21010124
17010331
05010618
02010221
05010215
07010616
08010347
01010134
08010517
09010473
10010211
01010920
06011122
02010117
06010544
13010222
01010331
18010130
12011212
21010526
06010543
22010527
05010312
18010129
15010544
07010828
18012518
12010610
21010123
15010129
18010322
18011413
06010545
15010547
17010127
07010549
20010725
01010425
18011519
12011114
01010713
15010428
09010323
22010315
15010545
16010805
14010125
01010137
03010421
21010318
16010426
19010230
15010128
18010324
21010419
18011716
07010123
09010133
07010515
18012325
07010516
17010129
20010121
08010430
06010624
14010716
14010624
03010127
22010417
03010210
06011030
21010426
20010123
09010132
16010525
09010324
06011236
05010313
05010617
03010209
07010738
16010425
15010130
16010832
18011123
10010314
09010440
22010526
06010123
01010136
02010116
21010121
18012018
14010820
21010436
18011717
18010227
06010825
20010122
18011715
05010314
10010114
14010625
13010323
01010918
18011820
08010239
17010330
16010922
02010119
06010823
16010931
14010621
08010238
18012519
22010251
04010317
17010329
11010113
01010520
12010609
02010118
22010230
21010527
22010130
16010323
18010922
06010218
16010818
17010125
08010137
18011618
16010322
10010210
06010924
02010316
18012322
18011412
22010215
05010710
09010115
16010626
18010423
22010328
18012417
02010428
01010625
09010128
01010233
18010226
07010418
06010717
02010115
01010519
20010620
22010431
01010921
16010839
16010521
19010132
14010124
15010541
14010418
07010734
18010320
22010313
09010438
09010437
15010236
18011018
08010236
01010423
18010321
01010817
18011019
07010647
16010127
01010712
11010112
21010347
12011228
13010119
15010126
22010414
06011145
19010133
18012222
14010229
15010339
20010518
08010508
05010616
16010520
10010827
06010219
06010716
18012323
06010220
07010419
01010131
09010220
12010416
08010140
12010608
02010431
10010722
21010610
01010132
07010319
15010125
18011017
08010346
06010317
05010214
17010310
01010424
18012114
05010513
17010126
18012223
11010111
18010422
20010119
09010129
09010470
18010535
16010524
19010134
18011317
22010160
05010614
10010621
12010213
03010126
20010421
02010429
06010822
07010735
02010319
14010714
21010220
18010920
02010317
18011619
14010320
20010420
08010506
07010122
11010217
18012113
02010220
04010423
04010124
18010921
06010623
10010747
12010312
10010113
03010328
22010523
04010123
08010139
16010222
21010316
20010316
16010921
21010418
01010329
01010130
02010318
12010805
08010138
09010130
09010436
12010111
14010419
16010942
12010112
04010532
20010120
05010615
14010319
18011818
16010542
16010523
18010616
06010316
15010542
07010214
18012221
15010127
02010430
15010426
13010219
10010828
12010914
05010410
06010831
18010927
09010223
05010317
15010431
17010238
04010321
07010620
04010127
22010235
18012329
08010244
06011036
03010368
18012328
21010423
05010516
03010131
12010612
04010320
06010125
09010327
04010431
03010215
03010424
18011126
16010226
18010231
06011035
10010727
02010437
12010121
16010929
07010422
07010125
01010140
01010341
16010941
21010128
07010546
18012534
06011246
18010425
08010505
06011247
06010127
06010625
07010622
18011325
10010317
12011218
01010621
14010527
18011227
16010529
21010342
16010132
10010416
06010726
07010221
07010751
15010552
13010433
15010392
21010536
12010929
06010333
20010530
14010828
22010243
11010318
09010236
07010636
04010236
18012232
16010930
18011626
18011034
14010425
18011329
12010617
21010333
10010742
10010842
23010243
07010130
09010459
18011035
06010838
18010728
15010375
18011231
12010933
15010270
18010435
01010938
01010637
21010241
18012344
01010256
13010327
08010150
15010343
16010428
20010424
16010733
18012330
08010149
12011215
20010125
10010729
05010918
19010139
14010824
02010237
19010237
15010352
18010627
05010323
22010534
15010262
06010329
20010228
21010234
05010818
21010431
18010934
09010335
07010633
06010728
09010232
20010320
17010250
01010435
06010631
17010213
21010435
11010305
18012314
16010510
08010109
04010508
05010905
21010629
23010105
09010413
11010102
03010309
13010309
09010414
20010308
01010412
09010215
02010335
18010116
18011110
10010609
16010615
13010209
01010911
18012506
08010313
09010310
06010306
08010312
01010912
18012409
15010520
04010307
04010412
07010308
22010162
05010108
10010713
06010526
23010210
14010410
20010212
06011110
09010111
17010108
18011310
19010211
18010512
06010525
02010508
18012213
21010409
16010926
18010117
09010112
21010519
18012108
08010339
12010708
02010422
16010422
06010417
18010222
07010825
08010338
12010912
16010724
15010564
01010227
05010211
18010339
17010315
18010517
06010819
18010813
15010533
09010121
22010331
15010333
22010413
01010513
06010714
03010418
14010815
06011239
15010334
12010110
07010211
20010715
18010613
05010309
22010520
23010221
07010729
03010417
12010606
21010521
18011217
18011216
04010418
04010419
04010526
06011118
01010125
18010123
22010309
07010728
07010417
02010517
01010514
01010511
02010112
07010511
06010418
03010419
18011612
01010512
18012016
11010109
16010624
10010310
18010814
14010224
18012218
22010521
01010126
08010130
04010118
14010615
08010420
01010419
01010420
08010129
17010117
13010113
15010534
04010527
01010228
14010223
18011515
18011915
01010814
10010309
04010221
06010616
18012015
20010233
18011516
06011025
23010112
23010111
08010127
10010616
16010725
18010614
08010421
22010222
10010617
03010364
06010214
06010312
05010114
09010428
23010220
04010525
09010122
20010709
06010215
09010429
06010313
06010922
17010224
16010516
13010112
08010128
04010417
16010517
06010820
06010539
12010309
21010520
21010312
18011409
08010419
06011001
08010245
05010216
14010823
14010235
10010839
06011132
06010557
09010455
03010344
05010817
14010330
18011212
01010354
04010134
14010136
06010740
05010526
05010924
21010137
16010449
23010138
21010539
09010476
10010851
15010560
07010757
17010147
07010645
22010335
06010944
20010719
18011139
23010247
07010229
14010334
18012531
04010335
09010244
22010252
18012345
07010544
10010850
18012346
15010152
04010336
14010740
01010537
15010271
02010136
18010730
09010146
14010531
01010257
20010535
20010726
21010621
07010434
07010545
05010925
10010532
13010437
18011731
16010750
04010548
01010835
22010336
07010332
15010268
22010250
21010239
09010340
14010427
15010458
18011531
15010387
12010321
17010258
05010525
06010509
15010207
21010303
17010223
08010336
05010307
08010337
09010303
15010204
01010604
06011005
14010803
13010403
04010404
01010205
06011206
08010107
18010504
02010203
23010104
04010104
18012102
03010305
16010303
17010103
15010205
12010302
13010103
05010402
07010707
18011002
15010406
20010635
22010502
06010507
07010809
20010404
19010105
08010102
18011103
22010206
10010804
18010207
18010105
15010272
09010404
20010303
13010104
02010303
17010313
01010504
16010203
02010404
01010605
17010204
06011007
06011205
16010604
22010205
20010206
04010202
22010505
10010202
22010427
06010908
09010409
08010205
18012402
18012202
09010408
18011902
17010101
20010405
23010204
22010341
06010904
15010506
20010104
16010823
09010464
05010904
01010607
12011002
22010504
02010302
21010341
01010805
17010265
14010303
06011004
08010106
06010103
22010256
22010152
15010405
14010403
07010501
12010702
17010104
21010640
06010508
16010404
08010402
23010101
18010202
06011208
06010804
05010602
01010308
05010302
01010503
18012205
23010102
14010502
12010103
15010407
21010643
01010702
07010706
07010811
20010501
17010260
09010403
03010201
15010303
04010507
08010207
20010408
06010506
09010407
21010505
21010627
22010104
12010301
02010406
10010304
08010104
22010106
18010303
14010207
13010402
22010401
14010402
07010203
22010204
04010402
07010302
22010508
07010604
01010603
18012303
20010205
06010601
04010505
08010103
12010602
22010509
22010503
19010107
20010207
14010304
12011003
10010602
10010203
18011904
07010109
21010106
21010402
05010502
22010107
10010403
18010403
06010805
21010508
16010505
14010802
18010903
01010105
12011202
13010401
17010314
18010404
21010403
06011209
12010403
01010207
02010102
16010102
18010206
21010506
04010405
18010503
05010701
07010810
22010105
15010105
08010105
06010104
15010302
02010405
13010306
17010205
16010507
10010503
18011703
14010501
02010503
15010404
06010907
19010205
22010108
05010603
14010210
08010403
06010202
18010106
18012306
16010508
18010209
18010107
02010205
09010104
12010802
01010606
06010404
18012206
01010806
18011705
18011105
16010405
10010504
07010112
09010411
21010404
01010703
01010107
14010103
18011201
18011803
21010348
21010207
04010105
12011001
02010204
09010410
01010303
09010406
18011302
01010206
18012203
18010402
07010108
09010475
07010202
04010302
06011211
08010206
18012304
20010302
04010102
06011207
05010227
12010902
21010503
20010603
17010102
13010203
13010308
07010111
02010304
06011009
14010139
10010603
18011203
01010404
03010376
06011002
14010602
15010509
05010903
16010506
05010102
06010505
18011301
20010406
16010603
15010510
22010506
18011704
10010601
01010502
01010701
18010204
04010103
06010201
01010258
18010634
18011706
18010104
02010206
09010203
15010206
21010208
16010837
10010305
14010701
15010408
07010808
18010405
06011105
10010402
18011204
08010304
07010110
18011003
13010105
13010307
18012307
18010210
19010206
15010106
05010303
18011804
06011008
01010304
11010202
14010208
15010107
06011006
12010903
08010204
04010403
07010502
18012502
07010807
07010107
16010813
18011004
18012305
02010202
02010502
01010903
18010703
06010701
01010904
16010104
16010834
12011004
18011202
16010703
18010302
04010203
03010303
07010806
14010104
03010307
14010601
01010307
18011401
17010155
16010304
05010601
10010306
06010602
18010203
10010102
06011104
03010104
01010305
12010404
09010103
06010338
15010508
07010106
11010203
06011210
17010203
09010405
07010403
15010507
18011903
01010306
21010507
06010702
22010507
21010206
03010306
08010208
17010105
01010210
05010204
10010805
06010909
08010108
21010105
05010401
18010208
12011102
16010704
08010516
07010503
21010242
20010502
01010106
09010474
05010203
16010105
03010304
18011603
16010504
01010309
07010303
07010201
18010103
12010104
23010103
18012403
18012308
11010302
12010405
01010209
21010302
21010504
04010204
13010202
14010209
18012002
06010906
18010505
07010651
06010837
06011214
16010606
20010411
14010213
06010204
15010212
01010109
11010103
21010511
12010105
20010305
02010409
04010206
21010111
18010802
22010159
09010306
06010511
11010304
15010305
18010211
03010404
17010321
01010211
12010106
12011103
18012208
07010305
06010808
14010309
04010407
09010208
14010604
06010735
18011728
07010226
15010453
16010234
06010435
15010369
20010531
09010240
10010316
02010132
13010135
12011226
15010459
14010240
06011143
20010703
07010813
17010319
14010805
16010208
06010947
06010407
18012207
08010209
14010702
20010410
07010406
02010103
06010604
20010504
06010603
02010306
14010212
19010210
23010209
09010420
06010412
14010313
07010818
18011009
12010407
14010508
15010218
15010317
01010115
06011224
23010124
04010232
22010136
08010246
14010630
08010360
14010233
08010433
15010140
04010328
09010456
12011020
22010337
07010557
01010248
14010423
03010346
12011021
10010528
15010553
16010745
18010824
20010321
18012339
18011328
01010147
06010331
15010362
16010440
08010379
09010243
12010932
09010341
06011263
15010456
11010320
08010166
04010333
07010556
10010744
01010438
18011630
16010638
06010942
17010256
02010540
16010819
04010449
07010228
01010153
10010847
06010635
06010563
01010255
18012343
09010142
04010135
07010850
04010238
18012240
08010267
16010938
02010332
18011232
15010558
05010627
20010327
07010227
15010370
07010330
02010539
02010538
08010259
05010522
18011628
07010752
05010421
14010237
21010537
09010339
07010753
18010826
07010845
05010125
16010747
01010353
06011259
10010221
10010635
07010133
20010326
18012031
16010539
14010737
16010447
18011430
09010143
09010468
17010239
07010638
08010161
20010532
14010831
07010846
18012429
13010332
10010636
07010853
03010223
12011124
18010729
21010605
18011832
15010378
11010210
22010116
12010620
06010638
04010325
13010211
15010523
04010413
06011015
18010708
16010928
09010326
17010333
21010136
01010536
10010420
10010531
20010534
07010553
18010830
10010321
04010334
06010133
18011730
03010431
05010524
03010222
16010135
14010640
06010320
22010435
21010635
09010442
01010826
10010520
15010346
21010223
07010321
03010423
16010128
08010351
19010213
18010522
05010723
06010839
06011269
07010649
05010326
13010436
06010739
06011140
12011022
19010143
16010924
16010932
13010331
06011133
08010252
16010336
21010613
01010349
11010118
06010232
05010213
15010382
06010424
17010236
12010212
18010716
11010110
06010121
03010432
17010124
14010318
18010128
05010519
21010425
09010138
10010728
09010448
17010241
14010232
07010126
06011040
15010551
07010623
22010321
20010527
08010358
21010226
21010530
06010722
23010122
02010222
16010736
12010812
07010218
14010627
22010422
18010928
21010346
22010248
18011026
12010417
18010233
10010116
21010227
18010426
15010246
06011248
21010606
15010245
22010153
01010141
18012425
21010228
09010465
16010530
06010128
22010255
16010330
13010328
16010229
06010550
18012227
18012424
04010323
18012521
07010624
06010926
05010917
21010324
01010522
18010135
21010529
18010234
10010835
15010351
21010320
17010336
18011523
05010716
10010752
16010631
08010359
02010135
07010852
01010439
10010849
18010151
22010253
18010531
18012127
15010228
15010419
16010905
08010329
01010417
04010523
18012032
16010804
22010122
06011023
23010217
22010437
22010219
07010121
06010921
18011712
20010217
08010331
18011408
12010605
22010150
04010115
02010111
08010417
01010813
09010118
16010420
08010330
08010125
05010711
05010509
19010220
02010110
16010218
15010229
09010317
06010116
06010537
20010115
02010420
18010926
16010630
20010522
18012327
14010821
13010224
04010428
12011117
03010331
08010350
17010342
02010325
13010428
02010436
12010919
14010130
14010822
22010234
09010325
18010820
06010319
18010424
22010419
14010717
23010229
15010429
12010810
14010421
10010832
15010430
01010337
13010223
18012023
20010705
17010322
05010622
12011018
17010136
06010434
16010206
23010248
11010319
05010822
15010371
13010130
07010539
07010847
07010131
04010330
14010332
06011138
12010814
07010540
12011223
17010343
07010848
18010532
12010618
12011227
02010133
05010921
18012430
13010334
08010162
08010376
18012233
01010636
06010562
06010940
22010244
18010335
14010528
22010145
18010829
10010844
07010132
06010561
01010834
20010632
09010242
08010163
18011829
16010828
21010343
18011629
18011926
19010146
14010637
23010135
07010849
22010325
18010145
05010422
08010261
11010121
15010267
12010419
15010372
18010533
18012234
10010529
15010373
15010455
10010751
17010144
23010244
07010639
05010823
04010331
21010623
06011139
17010334
23010245
03010220
14010638
02010445
18012030
16010748
18012235
08010260
20010231
22010538
14010238
07010541
18011330
17010145
14010735
17010146
11010227
01010534
08010378
05010626
09010461
05010126
06011264
01010254
18010146
18011729
12010318
18010147
20010533
04010448
08010377
09010141
18011927
03010219
10010219
14010736
18011830
12010931
07010754
16010749
07010640
03010372
18010249
14010135
18011431
15010374
16010448
01010154
07010756
02010235
22010326
06011270
06010943
02010542
16010236
01010355
03010353
05010423
09010145
13010234
07010644
09010144
11010122
15010393
22010155
08010167
10010745
17010153
08010380
21010604
20010328
18010939
07010433
21010240
15010457
15010559
05010225
18010534
07010643
12011225
08010168
21010538
15010269
14010739
16010540
07010650
02010541
08010519
22010148
01010721
14010530
18012238
14010529
11010228
12010816
13010235
02010138
13010438
18012239
18011140
02010447
06011141
10010322
21010337
15010380
18010152
18011233
05010824
06010741
04010549
20010633
06011146
09010343
15010561
01010356
17010259
05010724
12010220
13010134
01010722
10010123
02010333
15010381
06010336
01010538
18012129
21010139
05010825
06010135
16010136
02010334
20010232
09010147
18011929
19010149
10010848
21010609
14010428
06010334
18011037
14010639
18011631
06010437
18010940
01010243
18012426
15010358
15010253
01010348
21010532
23010127
11010219
18011622
18010137
16010806
07010748
07010219
10010734
20010318
15010254
06010129
09010228
22010532
18010624
13010329
18010241
07010552
18012123
23010235
18010136
06010554
10010527
15010255
21010430
21010327
21010230
19010242
18011920
07010426
15010359
02010530
06010130
20010427
18012335
16010131
12010925
02010224
13010229
21010619
15010376
18011930
20010329
06011043
20010330
05010425
15010557
22010247
18011138
14010137
10010222
01010819
12010619
21010135
18011137
12011224
10010302
22010102
18012107
10010406
01010809
06011225
20010111
05010708
10010405
17010312
13010107
10010813
16010811
01010705
06010521
05010709
06010207
08010407
10010608
12010305
16010414
08010116
18011909
20010716
10010814
22010404
22010327
22010512
10010407
18011309
03010111
06010110
09010110
01010114
06010111
14010607
16010614
19010115
18010606
19010116
15010110
04010411
07010608
12010906
18012212
22010211
18012505
20010211
22010115
18010115
16010113
06010520
17010311
14010109
06010522
18010707
01010706
18010308
06010411
18010605
18010213
06010208
08010216
03010315
15010217
03010367
06011147
14010810
01010317
18010307
18011525
17010134
07010835
18011919
06011130
01010144
18012522
15010252
08010248
01010431
22010330
16010443
11010123
09010241
14010426
01010635
18010633
06011137
17010143
06011266
02010232
16010134
06010436
15010454
06010560
09010460
06011267
12010930
20010134
18011925
21010622
18010828
10010743
18010334
18010248
05010821
06011265
18010827
21010142
08010264
15010377
13010337
18010938
12011123
06010335
22010147
03010105
10010716
16010809
15010332
05010715
03010426
14010131
15010350
18010622
18011522
18011420
17010240
18012333
03010132
16010228
10010523
03010336
12010116
18010623
06010935
12010926
14010732
18010430
02010531
10010840
18011424
06010936
02010329
14010633
15010449
08010157
07010632
10010119
15010145
09010334
09010453
18010525
17010350
18010822
05010320
13010227
01010828
04010233
21010130
04010131
19010239
09010452
10010215
12010613
18011027
15010249
18011918
07010323
14010523
15010355
20010704
01010344
18011823
07010524
04010540
18011524
02010440
10010627
15010250
15010440
19010238
21010325
18012243
18011422
01010628
18011225
22010137
06010428
20010702
10010628
12011220
13010228
08010511
16010433
14010328
07010657
22010236
15010442
22010531
22010323
14010725
18011421
06010834
06010552
04010541
15010354
15010441
04010542
11010117
16010432
18011721
12011015
16010739
06010927
05010815
20010628
19010240
18011130
22010322
18011129
07010832
18010235
05010120
21010608
07010625
06011127
12010418
04010324
14010724
06011128
13010226
05010919
14010726
06010228
21010129
04010539
07010324
16010933
12011024
02010439
06010327
23010125
05010217
06010551
10010836
18010524
01010523
21010614
16010738
14010522
13010431
09010332
06010326
18010329
17010305
22010333
06010738
18011831
22010245
07010851
14010738
18010304
06010405
04010228
20010520
14010211
03010317
03010362
10010509
02010216
05010612
20010616
02010238
07010225
01010602
07010603
09010402
16010403
09010401
04010201
06011103
21010502
14010206
18011802
10010704
14010302
22010249
15010104
12010907
14010110
18011209
19010125
03010120
14010612
07010415
10010308
07010414
06010614
07010208
07010723
08010416
02010514
15010328
08010122
08010501
15010330
03010121
21010517
12010208
16010120
04010314
08010328
02010515
08010229
07010312
21010624
06011116
10010411
06011240
07010120
15010331
18010515
12010412
16010721
04010522
18011514
08010124
14010315
04010415
18011214
08010123
10010615
23010216
14010414
01010620
06010536
23010215
22010432
07010614
06010115
06010535
15010329
04010521
03010415
18010417
16010419
06010817
22010121
08010228
04010313
07010656
04010229
08010147
22010233
09010441
10010625
12011116
18012022
02010523
12011013
03010330
05010927
16010732
06010318
12010918
10010726
22010318
20010124
23010228
04010126
07010740
21010125
06010829
10010626
18011125
14010325
18012420
14010129
09010467
01010237
05010413
20010627
16010911
08010151
14010721
16010735
07010423
12010811
06010833
16010227
05010414
09010329
14010722
15010137
15010444
02010327
01010630
07010527
22010237
18012122
23010126
16010640
01010432
04010439
12010215
16010948
01010525
05010717
12010923
10010733
04010438
06010724
20010126
18011722
14010524
03010340
12010715
15010357
06010629
03010341
08010154
03010339
05010219
18010428
01010931
06010929
01010629
22010138
13010125
06010930
18010239
14010728
18010526
05010417
15010443
12010315
17010338
12010924
06010931
11010316
17010135
16010532
04010538
07010621
20010523
20010624
10010115
04010537
15010241
21010224
04010432
06010225
01010715
06011126
01010429
01010338
07010742
09010136
22010134
20010524
09010224
09010444
10010315
16010642
12010921
05010915
18011024
14010422
06010324
18010538
18012119
18010718
06010721
20010623
01010521
21010225
15010242
02010121
02010525
06010720
12011217
18011023
06010323
15010432
16010430
18010719
12010214
16010129
18011128
03010365
01010343
11010218
07010129
09010451
01010142
18010720
08010247
17010150
10010730
10010731
23010239
18012027
18012125
05010222
23010240
15010146
21010607
05010221
08010435
21010233
05010121
22010425
01010350
01010246
21010535
16010803
05010223
12010119
07010840
23010129
20010429
01010247
15010263
22010238
16010936
07010222
15010394
14010827
18010141
18011228
21010330
18011824
05010625
04010440
06010558
03010371
14010634
10010738
06010330
06010730
10010417
11010119
10010737
13010127
07010533
07010326
22010426
16010918
08010158
01010932
03010345
07010839
06010729
16010903
10010418
10010120
18010628
20010430
20010529
18011623
07010325
16010535
10010739
17010251
23010107
18010912
09010427
18012321
18010516
23010219
12011028
05010308
13010430
21010127
07010521
23010231
06011038
10010218
12011222
18011632
14010239
07010658
12010320
21010211
18010911
21010210
15010412
18011211
17010262
12010409
08010222
06010530
01010414
04010112
18012009
14010705
22010117
01010619
16010618
21010213
15010524
21010308
07010819
03010411
17010323
20010612
07010310
22010216
10010817
12010408
03010115
20010701
13010109
06010918
03010114
06010712
16010719
06010308
03010322
13010414
14010610
01010941
06010112
08010319
15010224
19010215
16010312
13010415
03010116
15010411
18011407
07010717
07010611
16010213
13010214
04010550
06010309
16010822
16010912
06011018
14010513
23010108
12010108
05010911
16010939
04010113
16010619
12010306
20010310
22010304
14010413
18011608
20010613
17010113
06010811
15010413
05010306
20010511
18010916
01010221
15010112
18010120
05010506
01010618
16010119
16010620
18012411
05010408
16010902
06011017
18010809
18010413
18012214
18011711
20010311
15010385
10010408
02010416
17010219
17010216
18011814
10010715
11010307
01010119
15010395
06011019
07010612
11010212
09010217
03010355
07010613
09010425
12010109
22010409
18010810
07010821
20010721
06010310
02010511
03010412
20010513
15010525
18012509
01010415
20010312
18010415
11010309
06010211
15010226
07010510
15010418
12011107
20010215
10010513
08010325
19010122
04010114
01010120
01010224
06010531
03010323
19010124
20010214
02010418
21010617
06011112
15010325
07010718
06010532
18012319
18010215
08010225
21010214
06010815
06010113
02010215
17010348
12011207
12011108
08010515
08010323
20010114
02010512
01010222
04010519
05010507
06010613
16010215
12010706
21010413
16010914
16010515
18010610
14010119
12010307
03010118
01010811
22010410
02010311
16010720
03010358
18010611
15010417
07010721
13010417
08010414
04010520
13010216
16010824
21010309
17010218
18011513
04010309
06011020
13010110
02010108
09010117
14010706
18011512
06010533
18011611
22010516
22010305
20010418
22010118
19010120
20010419
06011114
03010205
09010466
10010515
08010227
20010714
06010919
15010326
06010414
16010216
19010123
22010411
08010320
05010112
05010508
07010822
01010416
23010214
18011013
14010812
22010306
08010503
06010713
02010417
03010117
18011610
12011206
07010722
06011022
18010414
15010225
19010216
09010315
01010709
03010413
17010220
06010816
08010326
16010514
22010120
01010710
06010920
18012011
21010310
18010514
16010835
15010526
08010412
18012318
07010311
02010513
06010814
14010611
18011114
18011913
06010114
06011113
01010320
14010514
20010213
18010416
14010114
07010820
23010109
22010517
22010119
06011241
06010212
04010311
22010218
08010411
07010119
15010414
08010324
15010327
08010121
18011111
04010310
10010514
07010207
18011609
03010414
18012317
18012510
04010216
12010707
08010415
07010823
08010321
10010410
18010917
10010614
05010607
05010209
18010121
18012215
18011912
07010720
06011021
08010327
09010423
05010610
01010223
20010614
21010602
06011046
08010413
01010509
04010214
05010609
16010901
05010608
18011113
18011040
10010105
18010710
02010107
16010816
15010115
10010612
18010311
12010411
22010518
19010218
17010217
04010217
14010220
14010115
21010311
05010611
01010121
20010512
08010224
15010113
22010307
02010109
01010321
18012010
01010922
16010313
06010611
16010808
13010416
12011010
12010410
11010211
05010912
06010812
07010118
18010709
10010409
20010216
06010612
14010515
06010415
15010528
18012216
16010214
12011106
08010226
04010414
15010386
18011313
06011115
13010215
22010217
02010419
18011312
03010119
09010316
16010621
15010114
21010516
07010413
03010324
07010719
02010106
18010513
21010415
14010117
20010313
06010534
14010118
14010219
16010920
01010942
09010314
11010308
17010114
14010221
20010314
16010925
18011213
16010314
12010803
04010312
08010322
16010418
10010613
01010812
08010223
18011112
15010416
04010215
15010529
15010227
17010347
17010346
06011111
14010116
01010508
20010113
15010415
06010813
15010116
21010349
07010526
09010454
06011253
18010238
16010230
08010365
18012121
03010338
12011017
08010249
04010327
10010526
18011526
21010620
08010153
18010932
14010825
06010723
16010333
12010614
18012231
13010132
14010333
04010237
06011268
04010337
03010361
18011931
14010533
03010308
19010207
12010406
06011212
21010107
18011707
10010505
21010238
20010718
18010336
07010331
10010845
18010727
16010537
16010538
01010437
03010351
10010846
21010335
18010433
05010127
18011429
02010234
21010143
18012431
13010131
15010556
16010235
10010530
03010352
08010165
17010337
01010937
17010255
01010152
10010220
12010420
20010325
18012422
18010133
15010433
05010324
05010521
18012340
22010239
05010721
03010429
15010450
05010224
07010634
10010633
20010230
23010131
06010732
18011726
21010236
15010451
01010148
06010632
13010128
18010142
04010442
09010233
18011825
21010432
15010264
03010375
05010722
18011529
02010126
18012229
06010731
02010226
03010347
02010227
10010320
07010534
01010530
16010231
07010429
05010128
10010740
21010646
18011425
18011031
07010430
18010724
21010235
03010217
03010357
02010444
01010250
08010253
01010249
18011229
06010431
06011254
16010635
20010229
18010528
18012527
03010348
17010341
09010457
16010441
15010201
08010436
21010639
08010504
17010340
01010531
06010132
09010140
21010331
06010835
18010529
01010634
16010536
02010443
23010130
23010132
11010220
19010144
01010532
02010228
06010332
22010535
17010263
21010644
18012028
18011032
05010418
05010122
15010147
12010616
06010432
15010148
05010819
11010221
16010821
02010533
15010554
15010265
18010431
14010733
12011122
22010434
17010339
06010841
06011255
06010134
18010731
08010265
09010462
05010226
08010266
21010138
04010137
13010133
08010441
01010302
16010701
06010403
21010301
08010303
22010203
18011101
12010701
06010901
18010338
06010902
07010601
09010202
16010502
15010388
20010202
14010204
08010302
05010501
16010302
20010101
07010803
06010803
03010403
05010902
21010401
13010303
19010246
19010104
22010339
07010301
20010720
18010901
08010509
01010803
01010202
20010403
19010103
18012201
09010302
18010601
16010909
01010501
07010701
07010103
06010504
13010304
10010201
06010301
15010103
21010202
11010101
18012501
15010504
18012101
21010201
01010902
16010602
23010202
18011102
09010301
11010301
18011601
20010402
13010305
16010201
18012302
21010424
12010922
02010123
18011224
10010629
01010241
12010117
06010429
21010633
01010524
08010363
01010829
02010529
13010124
12011016
01010143
10010630
01010346
09010227
19010241
21010531
16010332
15010356
18010930
23010234
01010240
16010531
20010426
06010928
01010242
20010227
07010834
10010732
21010428
10010837
07010425
14010727
04010436
05010416
10010525
06011273
23010233
18011131
06010627
01010345
10010318
07010525
08010364
12010714
07010627
06011256
05010218
08010382
13010432
07010626
04010326
23010232
18011132
16010130
17010133
02010236
06010840
06011142
21010339
06011271
02010544
08010268
16010541
06011272
16010752
15010563
06010438
05010926
04010138
21010140
16010751
10010533
07010231
12011023
18012533
18012532
06010237
01010156
07010646
01010539
09010463
18010148
06010737
17010324
18012128
07010543
18010150
09010342
18012237
13010336
18010246
01010831
15010555
01010436
08010255
03010349
06010938
07010841
02010127
06010433
06010836
07010327
22010154
09010234
15010384
07010223
17010252
02010534
07010535
18010331
14010635
06011260
21010237
14010133
15010452
07010842
08010256
22010240
20010432
08010254
18012126
18011426
18011033
18011922
14010636
14010424
18010935
18011230
18012427
04010443
18010629
06010233
10010634
01010351
02010330
07010536
12010317
06011261
21010332
14010132
21010631
08010159
18010144
15010364
22010142
01010934
23010133
20010129
09010458
17010140
02010535
18011625
23010242
11010222
18011624
10010121
05010920
22010242
23010241
12010928
15010363
18011427
07010635
02010129
20010431
20010712
07010431
16010442
01010832
18010936
01010252
06010234
06010733
22010536
18011827
18011432
01010251
18011530
16010337
22010241
04010444
17010335
14010236
01010933
18010143
01010150
17010152
20010130
15010389
01010149
12010927
09010336
01010533
18012230
09010337
07010224
22010141
12010218
05010123
02010229
22010539
01010440
02010137
09010313
18011511
10010307
16010416
13010434
09010239
20010323
18010247
05010420
08010374
18011136
02010231
06011262
08010440
20010433
20010324
08010375
18011727
18012029
15010151
21010433
06011136