18091213
18091509
18094324
18092242
18093336
18091214
20090301
13090213
02090311
15090348
19090218
04090210
23090204
08090310
15090534
15090560
31090009
01090702
01090415
01090706
01090307
01090534
15090685
05090601
05090708
05090806
01090712
05090108
05090703
05090608
05090607
05090606
05090604
05090605
05090505
05090501
05090504
05090807
05090506
05090513
05090512
05090820
05090822
12091326
05090516
05090704
05090705
05090611
05090709
05090508
05090710
05090612
05090521
05090620
05090726
05090827
05090718
05090706
05090609
05090610
05090707
05090808
05090507
05090509
05090613
05090811
04090313
05090712
05090813
05090614
05090812
09090423
05090814
05090615
05090826
05090809
05090810
24090111
05090713
05090815
05090823
05090502
05090603
05090801
05090602
05090701
05090803
05090802
05090503
05090702
05090519
05090805
05090518
09090438
05090522
05090720
05090524
05090625
05090514
05090517
05090816
07090424
05090723
05090623
05090825
05090724
05090526
05090621
05090525
05090624
05090714
05090515
05090719
05090622
05090715
05090510
05090616
05090817
05090618
05090716
05090717
05090619
05090818
05090617
05090819
15090655
16090715
05090511
05090725
05090523
05090804
15090693
05090821
05090824
05090627
05090721
05090722
05090520
21091211
15090667
15090327
15090677
16090218
15090425
15090681
15090453
15090441
15090129
10090107
04090205
04090534
14090501
03090405
03090114
12091334
14090305
14090325
11090113
11090143
12090765
12090123
12091417
13090312
19090205
19090330
19090221
02090211
07090509
07090426
07090413
07090638
08090302
08090344
10090112
20090514
08090215
10090531
09090227
09090436
21090801
21091109
21090313
21090115
21090335
20090338
21090529
16090529
16090322
23090111
23090203
18093302
18093305
18092134
18091206
18093217
18091226
18091511
18094427
18092131
18094729
18094728
18094115
18092637
06090324
06090327
20090431
07090401
21091002
19090305
20090605
08090109
16090106
06090310
07090315
16090302
03090212
08090119
09090417
21091112
20090515
12091314
07090135
20090305
09090106
19090237
09090127
03090128
20090331
20090329
04090319
10090130
11090101
16090101
16090601
14090301
04090301
01090701
13090101
13090201
15090101
15090601
21091201
14090602
05090101
20090401
14090101
07090101
21090701
14090601
15090501
19090201
15090103
14090603
10090401
24090101
10090501
03090301
02090201
14090401
09090511
15090602
01090401
13090102
17090101
13090301
09090504
15090102
12090702
07090501
21091101
13090202
21090702
12090701
09090601
15090603
09090701
02090301
16090501
12090101
15090301
13090401
09090101
01090301
06090401
09090102
21090206
07090105
03090117
07090610
15090317
21090112
01090610
12090728
12091309
14090212
12091310
23090307
03090408
08090117
04090409
05090307
21090815
01090507
07090112
01090209
21090904
01090404
01090105
15090408
05090206
09090309
14090404
15090311
10090105
02090113
11090102
20090501
21090101
05090201
03090101
12090703
08090202
13090203
07090502
01090201
13090103
21091102
07090201
11090301
21090201
07090402
04090101
03090302
08090301
14090202
21090704
07090503
10090302
13090109
02090109
13090407
12090711
05090304
20090504
10090206
23090101
08090105
17090212
12090113
07090107
21091210
13090208
06090409
12090718
03090206
21090810
09090409
01090305
16090607
09090310
01090505
14090504
09090610
12090719
13090309
08090207
19090206
02090114
08090118
06090414
13090314
06090308
03090118
01090412
04090310
04090131
24090112
14090409
08090415
06090307
21090212
12091106
02090506
07090611
16090412
02090221
02090507
15090318
12091105
13090418
20090111
21090312
12090729
07090212
14090309
21091216
14090116
21090412
15090319
23090108
01090508
21090113
21090508
09090615
13090315
02090427
12090758
16090315
10090523
21090730
14090420
14090320
15090228
13090222
09090639
09090123
15090548
12091420
05090319
21090226
12090149
09090741
16090136
08090343
11090208
05090323
12090154
08090141
09090505
23090316
02090325
12090610
11090140
15090347
07090128
05090422
15090443
21090228
05090322
20090325
14090519
09090644
19090332
05090329
08090225
09090437
14090230
05090230
24090134
05090107
12090168
09090406
21091222
21091122
02090214
10090307
08090106
08090107
05090205
03090203
14090107
23090205
21091106
13090307
21090306
16090705
15090614
15090309
24090110
06090303
15090405
21090406
20090604
14090503
16090704
21091107
21091208
15090107
08090311
08090416
10090126
06090126
13090302
05090301
08090201
12091307
08090407
04090505
03090313
03090109
09090311
07090302
04090406
04090506
16090406
21090109
15090207
12091308
13090111
14090109
07090603
13090410
10090504
05090207
02090306
19090103
03090314
15090621
12091104
16090505
14090505
01090805
15090410
06090107
21090906
15090411
09090410
21091110
12090116
01090406
12090720
19090306
07090407
14090207
20090205
09090206
01090606
16090107
10090309
20090506
12090721
02090115
17090105
14090110
07090207
16090407
12090119
17090206
01090506
07090510
01090205
21090208
01090407
15090512
21090711
15090622
12090117
02090116
10090207
09090710
09090611
12090723
13090113
15090312
15090513
21090408
03090315
10090208
06090206
03090316
08090409
04090407
04090304
13090112
21090605
03090207
05090305
15090409
09090411
14090610
14090506
04090204
12090120
14090208
20090106
16090206
02090501
14090406
08090408
16090108
02090407
10090410
14090405
13090411
01090306
21090308
16090506
01090408
20090308
04090203
12090722
16090207
15090623
05090405
16090408
09090508
01090206
12091407
11090107
20090206
13090135
15090624
19090207
08090208
02090502
15090514
04090104
12090118
12090605
21090506
17090106
10090209
02090117
21090811
14090507
03090108
13090310
14090306
21091004
09090414
15090310
20090505
15090406
15090615
21091209
13090206
08090307
14090209
07090108
10090106
01090607
21090907
15090625
02090307
13090209
20090408
08090410
12090121
09090525
19090109
12090144
21090423
02090202
01090703
03090401
19090301
19090202
03090306
20090101
21090501
07090202
19090302
19090203
13090304
14090604
17090102
12090114
09090407
16090405
19090304
20090307
16090105
15090616
12091202
16090605
23090303
21090107
21091108
15090407
12091201
08090101
05090401
04090105
19090208
13090207
03090105
14090403
10090103
20090204
13090408
08090308
12090712
16090606
03090106
03090309
21090604
04090303
13090308
01090704
02090110
07090205
14090206
05090106
07090106
14090108
06090304
23090102
08090206
15090205
11090106
02090111
02090212
01090304
15090617
07090206
21090505
02090305
23090304
10090308
01090207
04090507
20090107
09090207
14090111
23090305
13090412
12090606
21090712
05090208
01090705
23090207
07090208
03090317
03090110
04090514
20090211
05090213
05090114
16090413
14090509
01090210
09090315
19090311
21090213
17090208
20090112
12091203
19090312
13090316
12090129
07090612
23090210
06090309
21091009
14090310
16090116
21090509
15090320
13090212
01090212
23090212
15090522
07090113
02090412
11090407
09090541
17090111
04090515
01090211
21090716
02090124
09090111
04090410
20090610
07090514
15090211
07090411
12091411
11090115
08090417
04090207
10090315
17090207
20090510
15090417
20090212
01090413
23090213
12090730
09090212
11090117
07090410
17090214
15090112
16090609
12091311
09090534
15090210
14090117
05090407
07090412
10090210
01090611
07090513
01090414
09090415
01090806
15090635
07090213
15090636
15090418
11090114
13090419
03090320
21090510
07090304
10090316
09090717
05090214
09090718
13090214
08090312
19090212
10090416
11090116
21090608
02090413
09090514
15090111
21090910
21090827
03090226
01090518
14090127
10090424
12090753
09090735
04090416
04090117
04090217
15090657
20090320
07090223
05090121
09090634
21090224
06090218
07090625
20090519
15090435
14090622
03090227
08090430
15090438
14090418
02090234
07090626
10090223
15090225
04090528
23090223
15090341
14090319
16090213
02090320
15090542
12090145
01090519
09090120
03090326
08090431
17090204
01090314
21091121
12090754
21090324
15090437
08090432
12090146
11090308
15090434
20090619
10090122
15090340
21090124
05090221
16090515
14090128
19090321
01090520
08090433
16090516
15090658
16090427
21090618
20090420
20090520
06090119
03090325
15090132
11090133
11090131
01090113
15090436
11090132
04090417
14090221
04090418
20090321
15090224
21090424
19090323
15090223
19090322
23090123
17090123
23090122
07090523
20090620
20090521
01090619
16090314
09090635
12091416
03090328
23090124
14090222
06090219
20090119
03090327
21090830
01090117
01090425
13090325
06090322
23090229
21091127
02090133
20090526
12090155
16090523
04090533
15090551
20090525
05090423
02090134
10090428
07090429
19090229
02090434
20090625
02090435
09090558
03090232
07090530
16090141
02090518
06090427
12091206
23090129
08090142
21090328
07090228
13090126
01090629
09090338
02090428
13090229
15090230
02090241
13090226
03090233
06090323
20090222
14090324
14090423
11090141
09090223
10090429
05090226
11090310
01090426
20090123
01090427
21090428
04090322
12091327
21090523
12091114
15090552
02090242
21091227
09090542
14090424
03090333
05090324
20090425
08090143
03090334
04090122
16090524
10090227
15090553
15090141
16090137
07090425
12091421
21090731
12090759
11090417
01090118
01090220
16090518
07090125
15090229
15090136
12090760
21090326
02090431
01090622
15090549
04090530
07090225
07090526
09090220
12091322
10090123
07090126
20090323
21090519
05090223
12091323
05090419
11090135
13090223
21090619
16090519
15090137
13090124
10090425
01090815
16090618
15090345
06090123
09090640
02090238
05090320
15090668
21091123
06090222
21090831
08090435
16090318
08090338
16090716
14090203
10090303
09090603
13090105
21090301
20090207
19090308
07090511
20090309
08090110
15090626
07090209
08090111
01090409
13090415
19090209
03090112
21090606
07090604
05090210
21091212
16090608
02090308
21090908
15090516
16090707
04090508
13090413
13090414
21090812
03090208
20090606
04090206
14090210
03090209
23090104
21090209
07090110
06090305
15090517
03090113
08090411
09090208
10090412
16090109
07090408
15090515
20090108
03090111
15090627
02090216
21091005
19090307
21090409
20090409
05090209
10090411
09090412
10090311
12091408
07090109
21091006
04090307
10090310
15090412
11090109
09090531
23090105
05090109
05090110
12090724
04090106
04090306
15090108
11090108
05090111
08090112
17090107
05090306
08090209
08090210
21090309
15090413
08090211
13090311
04090305
01090620
20090219
05090122
11090134
15090543
16090133
19090222
12091319
15090133
09090328
11090415
19090324
15090659
17090205
16090214
07090423
15090660
21090828
10090520
09090547
20090120
21090728
06090407
20090310
11090110
21090413
13090215
21090114
16090208
04090411
21090214
09090618
04090208
21090314
21090816
15090637
08090313
02090222
16090209
21090912
21090511
09090549
16090117
12090731
21090414
14090118
21090911
07090613
13090420
09090316
09090213
09090416
23090214
16090118
15090544
15090545
03090140
19090327
01090119
14090625
20090220
04090423
21090129
17090137
20090528
07090614
21091223
06090317
12091205
19090110
21090804
09090301
07090103
21090401
09090401
21090705
12090102
02090102
21090601
16090401
12090103
12091302
21091202
01090402
15090303
08090402
09090302
15090504
10090403
20090201
07090403
21090805
08090203
09090518
07090627
11090147
08090148
01090521
05090416
03090136
03090329
05090222
03090342
19090114
03090419
07090318
20090124
01090319
10090438
02090441
09090130
23090233
21090627
12090777
12090778
14090228
02090330
10090529
08090346
11090209
08090348
15090687
04090326
21091133
02090247
10090409
12090713
14090304
01090114
02090112
05090404
04090529
01090817
02090135
20090330
03090115
23090208
13090416
02090118
20090507
08090113
21090125
03090228
02090429
07090524
08090135
03090330
12090161
19090115
09090507
15090570
11090153
16090508
09090317
16090305
24090113
01090708
16090708
02090223
03090411
08090315
05090215
05090115
01090509
10090509
21090609
21090512
07090215
08090120
11090408
04090311
15090640
10090214
12090134
15090214
12090735
02090227
09090418
09090552
12090130
15090322
13090216
15090212
07090114
08090314
15090114
02090414
08090318
19090104
12090732
13090117
01090417
07090116
02090415
20090312
02090312
09090112
10090213
09090215
03090120
10090110
07090414
05090409
23090216
07090517
08090124
15090215
09090420
13090317
08090121
08090316
12090132
05090308
10090417
15090213
23090308
20090214
10090510
03090213
15090419
15090523
21091115
17090113
13090422
20090512
12091107
07090515
05090408
15090323
01090707
09090318
04090110
02090226
16090611
10090318
23090109
09090113
21090913
15090420
15090642
02090125
05090309
09090419
14090612
12090738
16090414
07090617
15090524
11090201
15090638
09090214
20090412
09090539
04090516
19090313
20090511
02090224
09090721
07090516
06090415
13090423
07090616
03090121
15090326
21090819
12090609
01090511
21090720
16090610
21090717
07090305
19090214
14090510
20090314
12090133
21090315
10090215
14090411
16090509
12090131
20090213
24090114
02090508
10090317
23090110
15090421
16090415
03090119
13090318
12090608
20090414
08090122
03090122
01090309
03090123
03090321
13090118
23090309
19090315
10090212
21091217
08090322
15090324
17090112
07090214
06090312
16090416
09090522
07090216
21090216
09090537
02090416
02090225
15090113
20090113
21090610
12090734
17090202
01090416
15090527
12091412
03090124
03090125
19090316
23090215
19090216
05090410
12090137
16090210
05090310
14090311
07090306
16090306
11090304
15090325
08090319
20090611
07090615
08090123
21090718
21090215
13090421
15090115
21090415
12090135
12090736
21091011
15090526
15090328
11090305
12090737
20090313
15090641
10090508
08090321
21090914
20090115
09090114
01090213
07090115
12090733
21091010
15090116
20090114
08090317
19090215
05090116
14090119
21090116
15090117
21090817
08090320
10090216
07090117
20090413
14090410
12091312
11090202
02090228
07090415
14090213
21091012
01090512
07090217
08090419
14090611
12090136
17090203
17090209
15090525
16090119
12091413
15090639
21090719
01090510
08090418
12090163
02090140
21090629
21091233
16090222
23090320
21090926
02090445
04090427
15090355
15090147
07090634
01090819
15090451
13090131
14090631
01090527
09090510
10090430
21090623
01090626
15090142
07090430
23090130
19090333
15090444
12091422
13090127
02090327
14090521
20090326
07090316
15090674
12091328
15090671
20090626
05090325
23090131
16090321
14090223
09090331
15090349
05090424
02090519
13090326
14090628
06090325
12090768
01090122
14090520
08090436
12090767
01090528
15090143
15090554
21090130
20090426
01090530
21090329
13090431
10090431
01090221
14090134
16090320
15090675
02090136
21090230
04090219
05090127
16090525
16090216
02090243
03090234
15090676
17090132
21091128
06090428
23090230
02090521
21090833
09090524
17090133
10090127
12090156
16090432
21090524
01090316
15090673
21090429
07090317
10090433
19090230
10090432
15090672
21090229
14090133
20090527
16090319
01090123
15090678
05090425
12090766
01090529
21090734
17090131
09090545
09090125
10090525
02090436
14090224
02090520
01090124
10090526
12090157
21090330
03090335
02090326
21090832
10090434
04090424
21091124
16090502
06090201
12090725
23090306
08090412
03090210
10090505
16090110
15090628
12091409
16090111
12090150
02090331
14090326
15090448
10090335
01090719
21090742
19090241
09090441
19090118
07090536
16090534
02090337
21091139
09090230
20090633
08090349
02090143
13090134
01090720
04090130
16090225
15090239
05090131
21090532
20090534
16090438
06090230
23090125
04090118
09090121
24090124
10090521
12091101
04090302
11090401
21090706
09090103
21090502
21090102
04090401
15090304
15090606
12090704
15090203
04090501
12091401
12090104
16090201
21090806
09090515
16090138
20090423
06090422
16090316
04090119
14090321
17090219
03090141
10090324
08090219
03090332
04090120
11090136
08090339
09090641
23090127
21091224
20090523
21090520
09090319
21090513
16090709
06090416
01090214
02090126
07090124
13090123
08090136
20090621
03090229
09090126
17090108
20090607
21090232
11090148
01090320
07090431
23090234
15090237
05090328
02090248
12090779
12090780
21090925
19090338
03090146
14090523
07090632
08090222
05090228
02090139
09090654
16090623
20090529
16090219
20090628
07090532
11090210
02090249
07090432
23090135
03090238
14090426
03090343
06090227
12090164
15090688
10090230
10090229
20090333
15090565
04090308
14090112
01090208
09090209
20090410
02090119
02090217
02090408
10090413
15090629
16090409
02090218
21090909
10090506
02090121
20090608
08090115
21091113
04090510
11090405
11090303
03090116
08090116
10090414
14090113
15090414
21091214
16090303
05090406
21090714
20090311
15090316
12091410
02090409
19090210
19090309
21090210
08090114
04090509
21090310
06090207
13090114
01090308
04090108
14090114
05090112
06090108
03090319
21090813
21091111
10090313
01090410
21091213
03090406
09090413
21090410
10090415
04090408
11090112
02090503
02090219
08090309
21090713
13090210
14090508
09090313
16090304
21090110
10090312
02090120
21091007
19090310
09090557
04090511
01090608
15090314
07090605
07090606
21091215
21090111
20090508
23090107
12090122
04090107
05090211
09090613
06090208
07090210
15090630
11090111
16090410
15090315
08090212
06090412
06090411
09090312
09090536
23090106
21090507
21091114
16090411
20090411
10090108
15090518
19090211
16090612
12091414
19090217
02090509
19090105
07090518
15090118
01090807
01090418
07090118
16090211
15090528
03090216
05090411
21090611
15090216
15090643
06090313
21090820
02090229
10090217
12091108
04090412
14090312
01090612
03090217
19090106
16090122
16090510
21090416
13090217
09090548
01090310
01090808
07090308
05090216
13090320
14090120
02090127
01090106
12090138
15090529
21090721
15090530
01090617
10090321
21090722
08090323
10090319
21091116
23090310
14090215
08090125
14090614
11090119
16090121
15090422
15090645
01090809
14090121
08090423
16090417
14090122
15090122
15090121
14090214
11090410
15090119
15090423
10090111
08090325
09090622
03090215
11090411
04090312
12090742
09090422
09090421
02090417
08090126
01090614
02090313
09090520
21090117
05090711
14090511
21090514
17090114
12091204
08090421
21090821
03090214
07090307
11090409
11090118
06090209
15090329
08090420
09090722
01090613
12090739
02090315
21090915
05090117
21090217
16090511
07090218
21091013
13090319
11090203
13090218
09090623
15090217
04090517
14090412
02090418
05090312
03090218
24090115
04090111
12090740
14090216
01090419
23090217
06090210
20090513
16090613
01090616
01090811
05090311
02090230
16090120
08090127
17090115
02090128
01090615
01090420
05090313
17090210
15090424
11090412
20090613
07090416
08090422
01090810
08090129
20090612
01090513
14090615
13090119
21090316
16090710
14090613
03090219
09090725
08090128
04090113
21090317
10090320
12091313
10090511
09090320
16090711
19090107
07090119
19090317
05090217
15090120
21090822
04090112
23090218
12090741
05090118
12091109
20090315
08090324
16090418
15090644
05090412
03090220
15090218
20090116
23090112
17090116
17090215
20090614
02090314
01090107
12090743
21090612
10090512
09090532
12090744
15090531
10090322
10090218
21090417
13090219
06090111
20090216
21091117
14090616
07090417
16090614
07090418
04090209
09090321
11090120
13090424
08090424
15090330
21090515
23090312
16090712
20090615
01090216
21091118
21090118
08090130
13090425
20090117
06090211
08090426
03090126
15090219
08090425
16090307
16090419
04090114
06090314
21090218
10090513
09090322
19090318
04090518
14090513
14090217
16090123
21090916
19090108
21090318
14090512
20090516
11090122
08090326
09090626
09090728
05090413
09090559
23090311
07090309
20090415
10090418
10090113
21090319
02090232
09090727
10090514
11090121
15090532
19090219
21090418
21090219
07090519
06090112
14090413
15090333
09090216
17090117
12090745
05090218
15090647
01090311
01090514
08090427
02090419
15090533
14090313
24090116
23090114
08090216
16090512
23090113
16090615
10090515
06090417
11090204
01090215
01090709
15090331
14090218
15090646
12091110
21090119
02090231
21091014
11090413
06090212
04090314
07090419
17090216
15090332
09090530
13090321
21090723
21090823
09090506
06090113
11090123
12090755
23090224
09090636
10090522
21091018
08090137
16090428
11090416
21090225
16090616
24090125
03090137
04090419
12090147
06090121
12090756
21090729
04090420
15090226
07090527
21090426
04090531
06090423
14090421
05090420
11090137
12090151
12090761
05090124
01090523
16090526
10090328
01090222
01090531
14090225
09090433
01090537
04090537
07090533
15090562
21090528
14090137
20090224
01090538
16090624
12091332
01090321
16090325
02090529
02090442
11090419
06090127
06090433
07090636
14090632
08090150
09090341
02090452
20090522
07090628
15090342
01090108
04090320
15090661
10090124
20090121
14090626
16090215
06090124
05090326
20090327
20090427
15090679
04090220
01090223
14090522
24090127
12091115
06090429
21090430
02090328
06090226
10090435
15090231
21090814
14090407
15090208
10090304
12090105
04090502
20090601
21090202
01090602
21090602
16090202
01090501
15090631
04090109
21090607
02090410
01090609
16090112
17090109
05090212
07090111
20090208
20090109
12090726
12090124
12090126
13090115
04090309
12090607
04090512
14090308
15090209
20090509
02090220
15090633
21090715
15090632
20090209
12090125
07090607
07090409
09090553
15090220
20090316
08090327
14090617
05090119
12090139
14090314
16090713
15090221
13090426
14090123
10090419
04090115
04090519
24090117
09090527
16090124
15090648
09090115
17090217
09090116
12090746
15090426
03090127
15090427
16090421
16090309
15090334
09090512
21090613
07090520
07090420
20090416
15090650
15090649
05090314
11090124
01090618
09090424
04090520
06090114
01090217
09090544
21090419
03090221
16090420
16090308
20090317
04090413
05090414
14090414
02090510
08090131
10090114
10090516
02090233
12091111
16090714
08090328
07090219
02090511
08090132
08090329
17090118
20090616
12090140
07090521
03090222
16090310
10090517
15090428
16090513
17090125
13090224
15090669
21090620
08090340
21091228
04090535
21090923
15090566
01090716
11090150
21090233
20090336
04090128
13090233
23090240
16090533
12091429
06090333
10090334
16090148
16090149
01090718
16090224
15090571
06090130
14090142
13090440
11090156
05090331
11090157
16090725
13090333
20090337
06090229
04090129
10090442
21090531
17090142
15090153
15090151
09090523
23090140
21090437
06090437
01090125
02090522
02090137
04090536
02090446
15090356
20090228
21091027
13090205
12090705
11090105
01090411
10090104
12090106
14090302
06090102
20090303
07090504
12090602
21090302
21090503
21090402
10090202
09090402
02090204
02090203
24090104
15090104
12090107
02090206
24090103
03090402
15090204
12090108
14090605
06090405
01090603
13090305
07090203
23090302
20090403
16090702
15090105
08090103
20090102
09090604
07090405
21090708
15090402
09090304
07090204
09090203
03090307
13090402
11090302
02090303
20090304
14090606
21090104
15090505
06090302
01090302
12091403
07090404
21090305
09090606
21091206
20090502
12090109
07090505
12090708
03090201
21090205
09090201
09090535
16090602
14090104
09090404
09090305
04090402
01090103
17090104
15090510
12091404
02090108
02090304
02090405
12091402
02090103
06090402
09090546
24090105
21090807
09090533
06090103
16090102
09090551
10090404
04090503
10090405
15090610
21091203
10090502
09090303
06090403
11090402
21090603
06090202
15090507
16090701
09090521
13090106
09090202
14090103
15090307
10090204
21090403
08090104
13090405
13090403
13090306
16090103
10090406
21090404
06090104
21091207
20090603
21090203
12091102
10090102
01090102
15090401
21090103
12090706
16090402
12090112
13090107
19090101
03090403
01090403
07090601
10090407
05090203
02090105
01090604
19090303
16090203
15090509
24090108
23090201
04090403
21090105
15090611
02090210
20090503
15090612
12090709
12091305
09090605
09090105
02090205
05090103
15090508
21090901
16090703
14090105
17090211
14090502
20090203
20090306
21090303
02090104
21091001
21091103
15090305
01090502
13090404
15090608
02090106
17090201
14090402
21091104
09090405
21090504
12090111
08090306
12090604
13090406
14090204
01090801
04090103
15090404
10090408
14090143
21090709
16090604
07090602
10090203
09090104
15090506
08090304
02090207
06090404
21090204
10090101
04090102
21090304
14090607
09090107
01090203
03090308
20090103
08090305
20090104
11090403
03090404
09090540
21090809
07090406
06090203
12091303
06090204
21091105
08090404
20090602
20090202
08090205
21090405
13090108
16090403
05090204
21090902
12091304
14090303
02090404
21091205
20090404
08090204
14090608
12090110
03090102
15090609
05090302
16090404
07090506
06090406
15090306
24090106
02090209
01090101
05090402
08090403
21091204
21090106
07090104
09090403
02090208
15090613
01090303
02090107
24090109
01090802
21090903
12091405
14090205
09090306
21090808
07090301
15090607
16090603
10090205
05090105
05090104
03090202
15090403
10090305
10090306
10090503
19090102
09090108
20090405
12090710
14090106
05090303
12090707
09090204
06090205
15090308
12090601
23090301
24090107
08090405
16090503
12090603
10090115
10090527
08090108
02090213
09090307
21090207
07090507
09090109
01090503
09090205
15090618
01090204
12090714
08090406
09090308
04090405
12090115
21090905
16090504
15090619
09090513
13090409
09090608
14090609
11090404
16090301
13090110
15090620
16090706
09090708
16090204
21090307
12091306
09090110
16090205
01090104
21090407
02090406
06090329
16090143
15090684
10090132
15090449
24090131
11090420
20090125
17090138
04090331
15090152
16090535
03090311
09090709
15090206
01090605
12090715
03090310
06090408
15090511
20090407
09090609
20090105
23090206
01090405
03090204
07090508
12090716
06090106
01090504
01090804
03090211
15090415
13090211
10090314
02090309
17090110
08090341
09090526
21091125
07090226
21091129
21090131
09090519
15090232
07090129
09090224
21090834
12091329
05090426
09090332
21090624
21091229
09090649
13090227
17090134
11090142
21091023
04090428
12090611
20090225
14090231
11090422
21090333
02090447
10090330
11090423
02090448
12090783
07090132
19090339
21090839
01090227
20090126
02090141
17090140
16090151
20090335
13090329
16090144
15090352
05090428
16090220
01090225
07090131
12091425
06090434
13090434
19090238
02090332
12090166
20090430
13090232
06090332
08090440
01090430
20090532
01090431
12090167
02090122
13090417
09090210
03090407
17090213
07090211
12091418
10090441
16090724
11090154
19090240
09090659
07090434
14090328
10090135
20090632
11090205
02090235
21090325
12091419
05090317
01090621
19090223
14090516
09090430
15090662
08090336
15090343
02090236
19090111
05090417
05090327
12090769
16090717
03090349
01090630
17090135
13090432
10090228
15090233
12091330
16090718
12090770
02090420
14090514
08090133
21090120
01090515
14090618
14090315
21090516
17090119
16090125
23090220
14090124
12091316
15090651
12091112
16090430
21091225
02090322
14090517
03090231
21091126
13090324
19090226
13090429
14090322
21090521
17090126
06090318
15090138
05090224
02090132
07090127
07090227
16090317
06090319
10090426
21091019
14090130
09090431
20090221
16090139
07090427
09090329
01090120
20090324
09090330
07090314
01090713
11090207
21090922
11090206
07090528
12090762
04090422
15090440
17090127
14090422
21090530
09090516
16090437
04090430
12091118
21090433
03090107
09090408
04090504
09090501
15090123
21090220
14090125
16090126
21090320
05090315
16090514
11090306
23090313
05090415
16090311
07090421
08090134
07090618
15090663
15090664
14090419
02090321
15090227
09090122
01090522
16090429
20090421
15090665
16090134
03090230
12091320
21090829
16090135
19090325
03090138
15090546
21090425
01090121
05090132
10090225
10090325
12090771
12090784
07090232
09090226
03090345
04090327
15090148
12091426
04090429
21090134
15090452
23090136
01090717
15090689
02090251
13090435
15090357
12090165
14090139
02090252
20090226
19090116
11090151
13090436
21090234
21091026
15090149
17090141
12090785
16090722
14090140
02090449
16090435
03090346
21090334
21090434
14090524
13090231
15090567
03090239
10090231
16090436
23090138
21091134
08090439
08090149
07090133
16090723
15090150
03090347
21090927
11090424
01090228
21090135
02090450
23090137
21090235
04090126
23090239
01090229
04090538
08090226
23090238
20090127
12091427
15090568
21091234
20090433
07090233
21090740
20090531
05090330
03090240
16090223
09090759
19090342
14090428
06090129
02090336
21091236
12091428
15090238
21090630
02090335
21090237
03090148
20090435
21091137
16090147
04090329
20090533
10090332
06090435
09090660
09090760
24090137
02090254
05090430
16090532
09090340
02090451
13090133
14090233
13090332
11090155
11090312
01090820
16090625
11090158
12091207
03090350
15090359
07090435
09090133
21091238
21090631
14090633
05090626
20090436
21090841
15090573
12090790
16090146
09090439
01090322
15090695
03090348
08090228
21090436
13090331
09090339
12090787
13090132
01090627
24090128
03090144
04090221
15090556
15090555
21090525
06090430
20090328
16090142
01090532
09090434
09090333
14090226
01090428
24090129
16090620
08090144
15090680
16090217
04090425
12090772
13090327
12090773
12091336
20090227
23090139
21091237
07090535
07090637
19090341
07090134
10090233
19090117
11090425
14090327
02090123
02090504
12090127
11090406
08090213
15090109
14090211
02090310
09090556
10090109
15090519
10090507
15090521
16090113
13090313
06090413
09090560
16090114
14090115
05090113
07090608
20090210
09090554
04090513
09090502
21091008
02090411
02090505
09090614
15090520
07090303
20090110
07090512
14090408
05090227
04090123
08090145
02090523
14090629
19090334
15090445
07090320
04090328
09090657
20090334
13090437
15090358
20090530
05090429
08090227
21090840
09090550
01090129
12091119
14090141
24090135
15090454
10090134
15090690
14090232
21090435
06090128
10090440
12091335
21090741
12090789
08090229
10090333
03090421
09090440
09090228
15090360
11090414
15090335
12090152
23090225
23090226
03090142
06090224
12091324
02090239
05090125
06090424
01090623
05090225
12091325
01090714
15090550
06090125
10090524
07090428
19090231
11090144
19090232
20090428
04090124
12091423
21090735
16090527
01090533
03090145
15090557
17090136
01090317
21090924
07090534
01090816
11090138
13090125
02090240
03090415
03090416
19090227
10090326
20090623
16090431
21090621
10090226
05090321
01090625
23090227
20090122
07090529
19090328
01090526
04090321
24090126
01090525
01090424
08090434
17090128
01090624
05090126
02090432
08090342
21090622
06090321
06090425
03090143
08090220
19090112
15090670
21091020
14090518
08090139
06090320
09090221
20090424
21091022
11090418
16090520
12090764
12090153
15090442
02090324
21090227
16090619
21090522
01090524
19090228
12090763
08090138
09090222
21090327
15090139
14090323
19090331
15090140
14090131
04090532
02090433
19090329
04090121
16090140
05090421
21091226
16090521
09090124
02090323
13090225
21091021
14090627
17090129
01090423
09090432
10090125
15090696
24090136
02090129
10090116
03090312
20090609
09090217
01090516
03090139
03090104
19090204
16090104
15090106
03090103
12091406
01090803
04090404
05090403
12090727
08090214
21090211
08090413
16090115
23090209
15090110
13090116
15090416
04090315
11090125
02090130
14090219
01090710
15090652
05090316
14090619
23090115
16090422
15090653
15090429
03090322
09090628
04090116
08090428
11090126
11090127
21090917
14090126
16090127
15090430
02090421
10090420
14090415
20090617
20090517
24090118
07090310
15090124
08090217
02090316
09090323
10090219
14090316
03090323
14090416
15090336
06090214
09090425
17090120
21090921
20090322
14090623
23090126
02090237
14090624
19090224
02090430
19090326
11090309
12090148
07090525
04090218
04090421
15090134
01090219
08090337
03090331
01090315
06090122
23090228
11090139
14090132
08090140
10090327
07090229
16090621
09090225
08090345
04090222
12090774
19090233
16090719
09090650
10090128
12091116
21090625
21090835
16090323
02090138
15090234
10090129
14090138
10090224
12091113
16090617
09090739
05090318
15090547
05090123
01090115
01090116
21090126
15090666
07090224
08090218
19090225
12090757
05090418
12091321
21091221
16090517
14090129
17090218
15090135
15090344
20090622
09090638
15090439
20090422
16090522
21090427
02090517
15090346
13090430
21090128
10090427
06090328
16090528
07090629
21090737
19090234
02090437
02090244
15090350
04090323
03090336
03090418
19090335
03090235
21090736
02090245
09090651
02090438
06090431
21090231
02090524
21091130
01090126
15090144
21090837
21091230
21090836
12090158
03090337
14090630
08090221
15090446
01090628
07090609
21090311
16090507
10090220
23090221
23090128
02090530
06090436
09090211
15090634
21090411
01090109
10090118
01090110
03090130
10090117
02090512
08090330
08090331
04090521
03090129
08090332
16090212
10090518
13090121
20090318
12090747
14090317
23090116
06090418
04090414
15090125
02090423
23090314
10090119
04090522
21091119
24090119
21090420
12090141
21090724
10090421
04090211
15090126
21090614
03090412
21091218
15090535
07090120
20090217
04090523
15090222
09090426
15090536
12091317
03090131
20090417
05090219
09090324
04090525
04090524
21090121
02090422
21090221
19090319
10090120
04090212
13090220
15090127
15090537
10090422
15090431
15090654
14090515
09090325
04090213
07090522
13090427
11090307
15090432
21090222
03090224
21091219
07090621
21091120
09090118
12091318
09090529
20090118
21090123
21090919
06090115
03090413
07090220
07090619
09090631
21090725
06090315
21090518
13090221
03090132
23090117
21090824
11090130
23090118
11090128
16090130
07090622
08090333
23090120
23090222
12090751
23090121
21090321
15090538
14090620
09090427
21090918
20090319
01090112
14090234
03090133
06090215
21090322
02090317
09090326
16090312
21090421
09090555
16090423
16090313
21091017
10090121
15090337
15090128
20090618
21090726
04090318
07090121
01090421
09090429
06090118
04090215
16090132
07090624
07090422
13090428
03090324
04090316
09090327
21091015
12091415
03090223
09090117
14090621
10090221
06090116
06090419
21090517
09090428
04090214
04090415
16090131
07090122
09090543
21090617
21090616
24090122
01090218
12090752
12090143
16090426
13090323
02090513
16090129
13090322
14090417
10090222
02090318
12090142
16090425
16090424
12090748
11090129
10090519
07090221
24090120
15090656
07090312
13090122
21090615
09090517
02090319
14090318
21090826
07090311
17090121
15090541
03090135
07090620
21090422
02090424
15090433
20090419
06090420
01090312
15090131
09090119
04090527
09090633
21091220
20090418
07090222
24090121
12090749
10090323
21090920
01090711
04090526
16090128
05090120
04090317
15090338
19090220
05090220
02090425
07090623
01090111
02090131
15090540
07090123
01090422
21091016
19090320
24090123
23090315
07090313
14090220
08090335
16090626
15090339
21090825
20090518
15090539
21090122
08090429
10090423
03090414
02090514
09090218
21090223
04090216
21090323
20090218
15090130
02090426
03090134
06090217
08090334
01090517
01090313
17090122
06090216
12090750
02090515
06090117
09090219
21090727
03090225
01090814
14090425
01090318
15090558
13090128
16090622
05090427
08090437
10090329
02090439
15090447
21090331
03090339
15090559
03090236
01090818
21090431
03090338
02090440
15090235
08090347
20090128
02090142
07090639
09090132
12090788
07090234
15090455
08090230
06090334
15090240
20090406
12091103
21090136
19090340
02090333
16090530
21091235
15090691
16090531
06090331
20090434
19090239
13090438
15090569
07090635
12090786
15090694
10090232
15090692
21091135
10090532
20090630
02090253
10090331
21090336
17090130
19090336
05090128
15090351
07090631
08090146
21090626
03090341
09090435
03090340
19090235
08090438
09090335
23090231
15090682
02090246
20090627
07090630
01090715
24090130
21090526
21091024
21090132
09090334
16090720
19090236
15090145
01090429
15090683
01090535
09090509
11090145
01090224
13090228
04090426
02090329
21091131
12090159
19090337
14090135
10090437
23090133
07090130
03090237
21090738
15090236
20090429
02090525
10090436
16090150
15090572
21091138
03090241
09090229
10090234
20090524
09090503
03090303
04090201
15090503
13090303
01090601
01090202
15090605
15090502
12091301
05090102
20090302
21090802
02090302
15090604
11090103
02090401
21090703
10090301
08090102
11090104
04090202
20090402
15090201
03090305
24090102
07090102
13090204
14090102
09090528
02090101
13090104
08090303
15090202
21090803
02090402
05090202
15090302
02090403
14090201
06090101
10090402
06090426
03090417
09090652
12090160
15090561
16090721
13090328
01090536
23090232
08090147
14090136
07090531
09090128
02090527
14090227
04090324
09090336
10090131
16090433
21090527
12090775
20090223
10090528
07090230
21091132
09090129
02090528
11090146
21090838
02090526
15090146
12091331
11090311
09090653
12090776
09090753
16090324
23090317
21091231
13090129
04090125
19090113
12091424
10090533
01090631
11090159
02090255
11090160
21090138
10090235
20090437
20090634
04090330
05090231
10090534
12091120
12090169
13090439
12090612
11090152
04090539
02090334
04090127
20090631
14090427
09090655
15090353
13090130
13090230
05090129
21090432
24090132
15090564
03090344
17090139
21091025
11090421
07090319
12090782
02090250
09090131
21090739
08090224
08090223
21091232
21090332
23090318
21090628
12090162
13090433
16090145
07090633
14090229
23090237
03090420
15090563
16090434
23090319
01090127
10090133
09090337
07090433
05090229
11090149
03090147
12091333
23090235
09090538
01090226
10090439
24090133
17090220
23090236
12090781
12091117
13090330
15090354
02090443
15090686
15090450
20090432
09090656
01090128
21090133
07090231
20090332
10090530
12090128
08090414
09090314
12090717
03090205
21090108
20090629
05090130
16090221
02090444
04090325