06001101
19000501
18000914
08000101
18000339
18000301
03000312
18001010
06001008
21000406
18001410
05000707
08000260
18000402
16001016
06000920
06001326
06001037
05000815
06001139
18001027
04000429
06001343
18000942
19001532
22000107
06001119
14000525
12001013
18001031
09000404
07000420
18000923
08000329
08000246
01000525
03000728
06000620
07000422
18001039
13000309
06001217
07000427
06001239
18001023
16000723
06001144
03000746
08000348
08000346
06000946
08000327
18001816
06000704
21000202
01000804
05000604
06000906
06001213
18001006
02000705
03000508
18000802
06001047
14000633
04000234
03000547
16000545
08000376
06001354
02000540
18000515
07000410
08000373
06000629
18001924
07000333
08000178
08000354
06000623
10000418
05000318
18001037
11000127
18000436
08000322
10000210
07000614
06001020
09000222
21000127
18000712
07000541
18001927
18001835
21000201
08000303
06000942
06000331
16000434