18051920
12050401
09050801
23050201
17050101
13050101
18051201
21050101
02050101
03050101
02050302
18052602
16050201
09050502
02050201
04050101
10050101
18052001
20050201
15050101
21050801
01050201
21050201
08050101
09050501
06050301
13050201
03050501
03050102
09050503
18051202
07050301
08050102
18050901
01050101
04050301
21050602
10050302
07050101
01050301
02050301
07050602
18052601
04050201
18052501
18050101
18051203
21050202
14050401
18051101
07050601
18051402
01050501
11050101
01050401
10050301
07050103
07050102
04050202
23050101
21050102
13050102
18051301
02050104
12050301
20050302
18050401
09050701
02050307
07050402
14050310
10050111
18052612
12050809
11050305
09050412
14050318
20050112
10050214
21050116
11050304
08050220
16050313
18050309
04050403
09050524
08050311
10050313
04050204
10050204
01050405
16050305
07050114
23050207
07050308
10050414
18050809
09050610
09050611
02050102
16050101
15050102
12050901
05050201
01050202
07050501
02050103
02050306
16050501
08050103
02050305
08050104
21051001
03050401
21050603
18050301
21051101
02050304
17050153
01050102
17050102
09050601
09050303
14050201
02050403
09050604
08050106
18051802
01050701
18051701
18053014
06050101
21050310
09050310
09050513
18051109
18050812
18050140
18050106
09050317
18052111
14050206
18052510
21050510
02050411
13050404
02050324
16050506
10050209
04050506
18050910
02050113
13050310
09050407
13050209
03050210
13050311
16050409
05050106
17050111
15050209
03050211
21051109
09050525
18050504
12051207
09050621
09050722
18052513
21050918
18050913
04050211
01050311
10050113
08050312
08050221
07050117
21051110
03050109
18051111
06050212
12051109
06050214
18050108
03050214
18052310
06050408
09050816
15050414
04050508
16050113
10050112
03050415
18051316
18052514
14050210
08050123
01050514
04050110
02050116
13050405
06050213
15050237
18052117
09050526
18051507
02050213
18052515
18050914
18052837
18052721
20050412
10050421
09050322
12051110
21050613
18050109
12051006
08050222
03050416
01050420
15050128
03050324
16050225
16050519
16050518
21050425
03050434
18050932
09050640
04050223
15050129
18052533
20050530
04050517
18052417
03050435
15050226
08050262
18052534
21050327
07050221
08050263
13050324
18052628
16050127
23050229
12051129
18051522
18050612
02050428
18050516
17050139
18052136
01050122
10050327
21050332
18052036
18051432
01050424
07050522
18052228
23050129
21050818
08050168
21050933
04050225
15050336
16050130
21050535
16050333
09050552
21050133
18051433
14050526
18050801
18052232
18051851
21051038
18052636
07050233
08050337
04050423
18050521
20050333
18050331
03050124
18051613
18050709
06050601
21050511
11050402
02050412
09050708
18051836
21051203
08050206
21050404
18051606
23050107
15050308
12051203
11050112
03050206
16050206
18052605
18051104
18051808
07050204
09050709
07050112
18052831
18051707
21050506
18050905
18051307
03050507
06050702
21050110
07050305
02050317
09050311
11050302
03050307
10050206
18053003
21050405
12050706
21050707
02050365
18051942
18051528
23050130
09050338
06050133
12050702
02050303
09050401
17050110
21050112
06050508
16050407
21050913
18051210
12050805
05050804
18052811
21050508
20050212
05050805
09050810
18051611
18050210
13050208
05050405
18051711
18050810
06050606
15050107
05050605
16050207
20050106
04050209
09050811
12051105
10050107
14050315
18051910
07050505
13050112
08050212
14050407
20050408
14050506
18051909
12050102
21051205
12050903
12050604
02050408
05050606
10050207
18052816
18050811
15050311
09050612
01050308
11050401
18052714
09050314
20050107
07050613
06050210
18051911
16050307
01050708
21050113
05050307
23050210
18050212
23050208
18052720
05050404
20050211
20050510
02050208
21050509
01050804
14050507
14050205
18051309
06050307
01050604
08050309
18051504
18051141
23050209
21050611
07050507
02050111
15050208
15050411
18050306
21050114
03050511
09050205
18051008
18050407
15050412
18052607
20050512
18050909
07050506
18051503
18052509
15050410
02050407
01050803
07050409
13050403
08050213
18052109
10050415
06050407
12051106
08050214
18051811
21050610
18051311
09050516
20050108
02050322
04050103
18051108
18052016
06050306
18052110
03050510
01050105
18052508
10050208
18051612
01050510
11050117
21051106
02050320
16050208
09050315
09050613
09050316
14050508
18051912
20050511
18052015
12050807
02050323
01050509
18053030
01050307
18052813
14050509
12050806
05050904
18052305
09050614
21050214
02050112
20050213
05050309
10050416
02050321
18051310
15050207
05050903
18052710
03050412
05050207
18052210
02050206
18051410
02050409
01050309
12051204
18050211
02050207
20050407
06050211
01050106
18051411
16050408
18050307
07050508
16050505
14050109
07050614
06050706
06050209
08050310
05050308
09050716
07050207
03050209
12050505
02050410
09050110
20050513
01050709
10050108
05050706
10050417
20050109
18050708
20050308
21050914
01050211
21050120
07050406
12051104
10050409
06050305
13050306
18051605
09050715
03050309
18052809
07050408
18050406
14050406
20050105
01050603
18052108
15050106
21050213
05050206
09050714
18050209
23050113
18051610
07050612
12050603
09050313
18052904
12050813
09050221
18053021
03050323
09050746
04050120
21051024
12050814
18050322
10050434
07050324
20050130
15050127
07050401
21050501
09050402
20050202
08050201
11050103
18051205
18052201
21050106
21050607
21051007
08050305
13050110
05050104
05050702
18052704
09050512
07050405
18051706
18050104
18052012
05050603
15050407
18052909
21051006
18051007
09050108
10050205
14050404
08050115
18051403
05050703
01050706
18052406
13050305
18052011
12050610
09050511
21050210
18052910
18052504
09050806
06050206
06050505
14050108
01050707
15050409
18052804
16050504
02050318
10050410
08050207
15050408
21051008
18051607
20050508
04050504
18052505
12051005
15050105
13050111
18052013
07050113
23050108
08050116
18050304
14050309
09050807
16050308
01050209
12050711
04050402
18050711
18052608
09050111
18050710
21050408
08050120
10050109
10050110
18051110
12051107
05050905
01050710
16050211
23050212
03050106
18052333
01050511
11050204
14050316
09050408
07050411
07050208
09050521
18050408
04050105
03050107
10050210
01050609
18052312
08050237
18052023
04050213
05050411
18052121
21050922
06050217
09050730
02050336
18051016
18050220
20050517
18051818
18053028
21051212
03050515
21050219
18050219
18051417
18050921
08050240
03050216
15050416
14050321
14050516
15050319
03050218
18050417
09050729
09050414
18051017
21051015
03050516
13050409
20050418
13050316
01050317
03050423
06050114
12050811
12051210
02050338
18052801
16050122
21051115
16050318
12051120
21051211
18051416
21050709
01050110
01050519
13050214
06050312
01050521
18052123
03050422
18052824
08050239
08050316
18052618
11050124
01050111
03050217
04050405
18050721
18052024
21050519
18052122
09050117
18052518
09050416
02050339
18052705
20050417
21050415
03050113
12050713
18051418
01050520
18050920
18050314
05050412
05050707
18051218
16050217
02050418
01050518
18051415
10050319
18051717
18050313
18050507
04050113
21050416
02050337
21050614
13050116
18051922
10050424
21050121
18051015
01050212
04050112
21050122
08050315
21051213
09050415
18051419
18051509
05050109
18051217
18050312
21050417
11050123
09050823
15050417
04050114
11050403
02050122
09050534
16050415
17050122
18052617
02050121
03050517
05050311
08050238
09050822
18052923
04050413
15050222
03050321
12050205
04050317
09050428
18051225
15050123
18051327
15050223
16050422
17050132
18051021
18051023
23050227
21050423
02050425
13050123
16050421
18050826
16050513
07050322
02050352
12050407
09050333
06050713
08050154
08050257
01050325
18051827
18050226
07050323
18050610
20050322
18050732
08050323
18052223
09050541
07050123
18051727
18052222
21050627
01050717
12050406
18052130
21050814
10050127
18052530
05050612
18051020
18052906
17050131
14050123
09050637
11050136
05050316
08050325
04050319
04050318
06050421
03050322
21051125
13050122
18051934
02050355
01050419
18050827
09050743
13050323
03050431
08050153
08050255
06050225
09050219
18050320
14050414
18050828
04050515
09050745
12051127
18050227
18051022
12051125
08050324
18052129
08050152
08050151
17050133
02050353
14050333
05050514
18051828
06050420
12051126
11050138
10050323
05050114
10050224
18052625
18051932
01050220
21050815
17050134
18050511
15050329
03050119
18051728
11050135
21051023
21050628
18052737
03050227
10050128
16050514
09050429
05050315
18052415
02050357
18051933
16050423
14050122
02050222
06050223
08050256
09050217
06050224
05050513
11050137
21050325
02050356
18052416
02050354
20050129
18050422
15050124
01050222
18051726
18052224
18051518
18051829
21050530
09050218
07050419
18050123
09050837
07050122
07050517
09050742
06050226
18050321
01050221
01050612
12050914
03050320
06050317
14050219
06050227
09050220
18052928
02050426
18051830
14050523
03050126
18052632
16050131
06050134
18051732
23050232
09050339
02050368
18051944
03050522
21050429
09050641
10050438
13050329
15050132
09050433
21050538
18051334
09050434
04050226
18051530
05050116
08050171
02050369
18051630
07050329
14050223
10050439
05050118
10050442
20050337
18052145
03050127
09050853
05050812
18052325
18051437
18050617
18052547
18050426
02050434
04050126
23050234
06050718
18051735
08050173
12050310
13050231
10050136
06050137
18052548
11050145
16050133
12050208
15050430
13050230
15050431
04050125
08050274
04050127
06050618
17050144
20050237
18051632
14050132
09050129
21051035
02050137
02050367
08050331
18051842
01050533
18051834
18050423
14050125
07050520
04050320
18052629
01050421
04050518
08050163
18052924
16050331
18051940
01050120
16050425
14050222
01050613
18051122
20050231
03050436
05050614
09050752
02050130
16050426
10050436
09050548
11050208
18050613
21050532
21050715
18050933
04050520
07050127
20050429
18052630
07050521
18050832
06050423
18052715
14050416
18051941
14050126
15050334
18052536
17050137
10050228
18052537
04050519
12051130
12050915
03050120
18050127
18051330
03050121
08050164
04050521
13050226
01050814
16050128
13050125
21051127
04050303
05050701
02050106
20050204
18050501
03050202
09050603
18052734
07050202
13050103
02050402
07050201
05050501
12050605
21050115
01050107
04050309
16050309
18050814
10050312
16050310
18052019
18051314
10050211
18051315
09050814
06050607
18052832
07050413
02050210
05050208
05050806
18052807
01050805
18050409
18052409
08050219
18052115
09050411
21050915
15050413
02050414
09050410
18052511
23050215
09050320
02050211
18052610
18050214
01050605
21050313
20050310
03050513
18052806
01050408
15050108
21050513
07050309
18051505
18050215
14050511
18051615
17050115
06050108
09050620
12051206
21050314
09050618
20050215
04050109
12050402
18052114
20050411
18051009
18051914
20050216
07050412
23050116
02050328
09050720
09050522
01050409
18052609
18051712
18052512
18050713
03050108
02050329
09050619
07050616
16050311
08050122
18052211
21050916
14050209
09050321
09050815
18052020
20050111
10050212
18051814
18050410
04050108
18053001
03050213
21050409
18052308
18050815
06050707
20050515
18052116
10050213
18050611
05050213
03050521
18050734
13050223
06050228
06050230
06050229
04050220
02050360
03050433
08050160
08050261
08050161
18052532
15050225
18050931
18052627
07050518
18051328
06050127
08050326
06050319
18051629
06050517
18050323
15050332
16050424
15050224
18050513
18050231
12051219
10050226
09050750
05050317
09050639
17050114
23050115
20050410
02050343
04050509
16050510
07050316
04050406
06050219
20050519
20050221
18052619
21050520
09050120
08050135
10050320
05050510
21050710
18051420
06050118
14050411
12050906
18051510
21051215
01050214
09050417
01050715
09050825
13050219
11050307
01050714
18051924
10050427
01050318
06050117
16050320
18051939
08050157
14050521
06050318
04050219
18051025
05050810
16050516
02050358
14050220
09050544
02050359
23050230
18052035
08050280
20050132
01050117
10050225
01050529
15050331
12050308
12050717
07050219
11050104
20050206
20050101
18050402
18051601
14050502
01050601
18051204
14050101
18052101
08050105
10050401
02050308
17050136
18052319
08050158
21051225
20050131
09050748
16050341
20050437
03050130
21050424
08050179
18051635
02050143
02050378
18051037
20050539
06050719
07050637
23050134
18050620
14050137
18050946
18050137
09050442
08050182
09050649
18051131
11050148
14050311
14050204
09050808
21051104
15050210
18050107
23050217
21050804
18051533
14050345
18052423
18050135
18050432
18050136
08050279
18050433
09050616
18052306
04050308
04050107
12051205
06050107
07050615
18051211
04050106
15050312
18050912
18050308
14050517
18050315
05050708
10050325
18050733
18051521
09050838
21050226
15050435
06050332
06050331
09050862
03050234
14050351
20050340
03050530
21051137
18052713
10050121
01050716
18051117
21051016
06050710
18050922
18050607
20050223
07050623
04050510
20050520
18051721
09050826
16050123
10050122
20050122
18050116
16050321
18051118
06050511
01050413
09050731
09050538
08050139
18052125
12050103
16050417
14050322
18052027
08050140
13050412
01050114
09050732
07050624
12050907
18051926
21051117
18052525
09050733
15050116
21050124
18052622
05050906
18051821
13050220
12050305
21050319
01050320
08050136
21050524
18051927
18050819
09050828
18050509
09050827
21050521
18050117
07050416
18052216
18052126
21050617
15050322
21051118
18051625
18051718
16050324
06050711
02050420
18050508
11050404
10050428
18051320
14050214
12051121
04050514
18051322
01050321
11050127
16050322
18050119
18052810
09050734
06050313
14050413
05050312
18050820
18051719
18052621
18051720
21050711
18052217
03050518
17050124
08050248
21050619
21051017
07050621
06050709
01050319
08050137
18050924
05050511
08050317
21050126
15050419
09050418
18052215
08050245
18052412
13050318
15050320
11050125
09050735
20050124
13050320
10050218
20050123
18051925
02050123
20050312
04050314
18052314
14050117
09050832
01050610
04050117
18051511
21050221
18052738
21051216
13050118
21050127
08050138
12051211
07050622
04050312
01050322
18051120
12050506
18053025
12051008
04050511
20050314
01050414
11050126
01050416
18050925
12050908
17050125
15050324
18050420
04050216
21051119
04050408
06050119
01050215
09050419
16050418
18051423
15050217
09050737
13050119
03050219
14050412
21050618
18052623
23050120
21050418
18052524
06050221
13050319
12050404
08050142
14050116
18050923
21051116
20050222
18052521
04050512
18050419
16050219
13050411
09050628
20050313
18051624
11050310
18050724
01050811
15050323
05050609
04050513
12050403
01050415
02050421
21051217
14050115
01050524
08050247
01050115
18052332
18051220
01050113
18051621
20050419
18050421
21051218
18050118
15050325
06050220
18051421
21050616
09050627
09050629
21050320
16050220
14050323
08050246
02050215
15050115
09050329
18050221
07050213
15050420
18051119
09050213
21051120
18052527
18052526
14050215
01050525
03050221
18050726
20050422
18051018
04050217
07050625
04050315
13050413
13050221
03050425
20050224
08050144
21051219
20050225
18052620
21050125
18051321
18050723
09050736
21050522
11050308
21050523
11050309
04050407
18051422
18051722
18051622
02050126
20050315
09050831
18052802
18051221
02050124
06050512
18051822
15050216
04050313
10050123
01050522
21050712
01050523
18050223
09050830
14050114
18050316
18050224
15050321
18050725
03050426
08050141
02050344
03050428
04050409
07050121
18050222
18052523
18052127
03050427
06050712
21051121
03050220
08050319
16050221
10050219
20050521
18052522
02050422
21050220
18051623
20050420
02050125
01050810
09050121
23050121
08050318
11050128
18050120
03050317
08050143
16050323
14050324
18051222
01050417
21050809
20050421
12050909
01050323
15050436
21051040
18051235
18050746
18052152
18050138
07050235
18050624
12050511
20050339
09050139
18051340
20050338
21051236
07050639
02050435
21051039
12051224
09050648
16050437
01050228
07050530
14050139
18051853
01050427
16050522
06050136
01050327
18051733
09050128
02050374
18052421
04050524
18051030
18050518
06050426
05050318
06050237
18053027
21051033
12050509
10050135
18053022
18050517
18051843
06050427
04050123
06050135
09050847
13050330
16050231
20050235
14050341
06050327
20050234
09050850
02050432
11050143
08050333
18051032
14050340
21050539
07050330
08050273
06050325
06050521
18051031
20050236
09050555
10050330
23050233
18051230
01050124
18051631
09050227
14050225
18052140
02050372
18052141
14050420
14050131
09050848
18050736
01050425
08050332
10050329
21051232
18052558
16050337
18050616
09050849
02050433
18051531
05050516
08050172
16050429
18051532
09050435
18051129
21050430
14050130
09050851
18051436
18052038
18052139
04050227
15050341
02050136
18051231
02050371
15050232
12051134
06050617
07050132
21050431
21051132
14050224
08050334
18052546
14050419
02050228
07050525
01050125
13050419
05050517
18050940
06050717
06050326
10050230
13050229
18050836
17050143
05050419
06050238
18052836
09050340
18051734
21051034
02050373
18051844
12051016
07050226
11050142
01050126
21051131
11050144
18052545
04050228
09050852
07050133
09050556
02050370
18050737
20050135
16050132
04050124
14050342
18050330
06050425
21051231
10050231
15050429
23050221
14050334
08050327
18052132
18052535
18052818
06050523
18050522
18053035
12051136
14050203
20050306
18052309
02050212
18052611
09050721
09050523
01050108
21051011
04050507
12050808
16050411
18050621
07050426
20050146
01050232
18051140
18051956
08050288
18052639
09050144
14050354
14050355
18052727
10050443
21051044
09050143
12051141
04050528
09050344
15050441
21050140
02050382
18052822
12050111
01050720
12051140
14050532
13050135
02050150
08050287
05050815
18052049
18050139
04050234
18051540
16050343
07050338
06050126
05050214
20050529
18051519
14050501
01050802
03050505
06050504
09050309
18052206
14050107
11050111
18051006
02050316
10050203
18052207
18052707
03050506
10050104
11050139
21050717
09050843
21050231
18050128
09050844
08050266
21050931
03050325
05050215
07050422
09050551
18051431
18050515
18052418
18052709
15050427
12051131
18051124
02050362
18051729
12051014
18051524
18051517
09050741
09050636
09050216
10050433
03050118
09050839
18050126
21050230
18050833
14050140
15050136
18051409
05050802
21050911
18053033
18051338
03050443
03050236
15050345
03050330
03050235
18050238
06050721
21050336
21050236
20050242
01050537
14050346
18051038
18051850
09050558
18052046
06050620
21050437
04050422
18050947
12050410
18051234
02050231
18052643
14050347
21050939
18050742
18052147
04050232
14050138
09050762
18051039
15050346
01050817
18050239
18051233
09050763
03050331
09050645
09050559
10050140
03050132
21050542
18051438
12050919
03050509
18053010
16050112
13050308
09050711
23050109
18052407
09050809
03050104
21050311
16050405
08050210
10050412
06050506
21050609
21051105
12050708
04050208
20050103
08050209
07050610
01050507
18050105
07050206
18053024
06050105
05050705
09050710
13050309
23050110
18051809
18051810
18051106
15050310
05050105
12050707
18051708
12050304
16050404
14050504
01050207
20050406
18052507
09050713
21050608
18052014
10050413
01050508
12050602
14050405
18052919
18051609
07050504
18052606
18050706
23050111
03050208
05050803
18050602
17050109
15050205
05050704
15050206
10050411
08050117
06050605
21050705
12050503
01050407
05050305
18051502
08050118
20050509
18050807
07050306
18051709
18050808
09050712
08050308
05050506
18052209
21050111
11050113
03050410
07050205
06050507
07050407
07050307
05050507
13050402
18050603
03050207
06050406
18052829
20050210
18052506
18050908
18052908
05050604
18052304
18051209
11050116
11050303
18053037
12050504
21050406
18050707
14050505
18050806
11050114
21051204
20050104
04050207
21051010
06050208
12050804
18050207
14050313
16050406
11050115
18051608
03050411
04050505
04050307
12050902
09050515
18050907
06050104
08050211
18050405
05050505
21050912
02050319
16050306
23050112
07050611
02050110
05050403
09050312
18051908
18050208
06050704
09050514
13050307
02050109
18051710
06050705
01050418
18050608
21050421
06050418
09050631
21051020
20050426
06050417
12051215
03050225
21051021
02050128
21050128
21050527
08050148
12051011
23050226
15050219
18052030
13050321
21050926
18051826
09050425
09050633
20050428
09050124
12050105
11050312
05050610
09050739
05050908
10050432
20050227
21051022
18051825
15050423
06050514
20050317
06050316
13050414
15050119
07050319
16050419
18052031
13050120
15050122
21051224
18051426
21050925
12050204
08050322
03050226
01050218
15050327
18050319
12050913
14050120
02050350
12051013
18052719
20050425
21050322
21051223
18053005
11050205
02050219
02050423
21050422
07050321
21050321
12051123
05050611
21050129
14050519
18050825
03050224
21050130
21050528
20050318
07050320
04050118
02050351
18052739
21050323
09050539
20050228
18050609
18053032
12050911
18050731
15050220
18052413
07050418
06050513
20050524
04050218
08050253
10050221
14050329
06050611
18053016
10050223
18052032
09050635
20050427
18051514
20050128
05050709
21050419
14050330
03050117
11050132
18051515
14050331
09050836
15050221
16050326
01050528
12051216
21050324
18051121
13050322
11050206
10050125
10050124
17050127
16050420
10050322
21050224
18052414
14050332
16050511
05050314
09050632
17050128
21050625
12050507
18050730
04050412
18052812
11050133
15050328
18051427
08050254
20050321
13050121
01050116
02050424
18052317
09050123
12051012
12050508
18050225
20050525
12050716
12050306
09050634
18051516
12051124
01050813
09050540
21050420
18050729
06050613
18050122
14050121
01050219
21050222
09050331
09050332
03050430
13050222
10050222
07050217
20050319
21050623
20050127
02050221
17050129
06050612
21051124
18050928
14050328
17050130
18052529
04050119
09050426
02050220
21050624
05050909
18052902
18050510
05050512
06050419
18051019
10050126
07050629
01050812
08050149
09050125
18052624
20050320
14050520
18050728
21050223
21050529
18052723
20050229
21050225
07050628
15050120
15050121
09050740
14050119
16050327
06050122
02050349
11050406
16050512
18052825
20050526
11050134
09050427
10050429
14050216
18052730
01050217
21051220
08050146
21050924
21051018
12050606
21051122
12050910
09050420
03050429
01050216
18051223
18051929
12051212
03050318
18051424
20050226
12051213
02050345
21050526
21051108
01050410
02050330
18051506
23050123
08050249
05050313
21051123
07050417
08050250
18052726
03050319
18051425
07050216
11050129
18051957
06050121
06050414
18051823
02050348
04050410
21050620
15050118
07050215
12050714
12050104
18052128
18052221
14050326
12050607
20050523
21051019
18051725
12051214
07050515
18052717
11050311
18052029
02050347
18051512
18052315
20050522
12050715
14050325
01050611
15050218
21050622
10050321
09050630
07050317
09050214
21051222
18051224
18051723
06050120
23050224
18052219
20050424
18051626
09050834
18050822
15050326
06050416
20050125
12051009
14050327
14050218
14050118
16050222
06050222
18051724
10050430
16050325
06050415
08050321
01050526
03050520
18051324
11050130
09050422
12051122
08050147
18052803
18051325
18051931
08050252
21050621
18050318
18051824
18051326
17050126
23050124
21051221
07050318
18050821
18050727
20050126
18050927
02050218
18050823
15050422
01050527
18052316
07050627
06050314
08050251
09050215
09050421
18052930
10050431
09050424
20050423
08050320
04050411
23050125
23050225
05050907
09050423
11050405
09050738
06050315
02050127
15050421
14050217
18051323
02050346
12051010
16050125
10050220
05050112
03050223
11050131
20050316
07050626
07050516
23050126
18052718
01050223
21050816
06050516
06050231
06050232
21050630
23050228
01050530
09050749
02050129
18050230
13050224
14050124
21050228
04050221
08050260
09050545
21051026
08050188
21051226
01050815
08050264
06050518
21050930
04050522
18051523
18051228
05050515
15050424
21051028
21051029
10050131
15050425
12050408
12050109
01050536
20050133
13050331
09050131
18050837
23050132
04050525
18052422
23050135
21051134
18053018
07050135
14050227
20050140
18053029
16050530
17050147
12050209
11050149
14050529
21050235
16050529
09050557
06050720
12050110
20050331
18050741
18052146
20050241
02050146
20050144
21051042
18052156
13050134
18050747
16050239
14050353
18051239
18052914
18051740
18050930
01050118
08050159
09050546
09050638
05050613
21050229
02050226
13050326
08050165
13050417
12050917
17050138
02050138
01050127
03050231
13050332
16050338
14050421
18051946
06050428
18052142
18052633
10050137
18050838
02050139
07050331
09050642
18052231
18051335
09050855
18052549
18050738
08050275
18052040
09050856
09050854
07050115
14050314
10050106
05050306
18050303
09050308
08050205
20050507
15050104
09050307
18051807
02050315
18052112
16050410
04050210
14050317
21050312
09050206
18051812
02050115
18052018
02050327
18050813
09050719
03050212
03050512
10050419
02050413
12050712
18050712
18052728
18052708
15050313
09050617
23050114
01050711
18051813
08050218
10050420
14050208
18051313
08050217
18052113
18051913
08050121
08050216
14050510
20050514
23050214
07050116
01050213
21050808
09050824
08050241
08050131
21051214
13050215
21050615
18052026
20050220
18050115
03050424
05050509
03050114
05050111
08050130
06050115
18050722
18052925
18051619
18050418
08050242
20050311
10050120
14050518
06050218
08050243
13050317
01050112
07050119
07050120
20050121
04050214
15050114
07050512
09050119
23050223
18052520
05050809
09050536
15050215
18051116
08050244
02050341
18051115
18051219
18052519
08050132
04050115
18052703
07050514
18051820
18052214
09050212
06050116
18051819
09050118
18051923
07050620
09050211
07050513
08050134
10050425
09050537
13050117
04050116
13050216
02050214
18052917
18052124
18050818
18052731
15050418
10050426
13050217
21050123
16050416
20050518
23050222
03050116
16050319
09050328
06050413
02050342
18051620
13050218
16050218
18053009
12050905
03050115
13050410
15050214
02050340
12050812
21050714
16050330
18050735
16050226
18050324
21051027
09050431
20050136
18051945
09050130
18050427
16050134
04050235
21050642
21050340
06050244
05050619
18050335
07050641
11050415
07050337
18051742
18050748
21051238
04050527
04050130
23050138
18051139
10050238
02050147
07050430
15050440
10050239
18051741
08050286
13050422
10050335
06050338
21050727
01050231
20050145
23050239
01050332
12050411
04050131
10050237
20050341
14050422
12050719
12050920
18051744
01050430
02050149
02050375
01050819
20050141
23050136
21050439
21050441
04050329
18051040
01050540
21050440
01050104
18051806
18052205
08050215
17050123
09050535
18052603
21050303
01050502
12050801
01050103
10050304
12050802
10050402
18052402
09050505
18052830
05050503
03050405
16050106
01050404
16050401
01050303
17050104
10050307
03050302
08050202
17050105
11050201
18050904
21050702
21050904
16050402
06050402
18051702
16050104
02050405
20050402
16050302
18051206
18052301
09050203
07050404
07050605
01050203
21050108
06050302
06050404
06050403
06050303
13050108
13050104
21050703
04050502
06050202
21050205
11050105
09050204
18050601
18051405
14050306
05050602
04050305
06050201
12050502
18052502
18051902
21050604
01050302
09050304
21050304
18050204
09050606
06050401
20050207
10050102
09050504
01050305
09050704
13050206
23050202
10050306
18050201
18050203
01050304
18051003
21050908
02050314
02050312
21050605
18051406
20050501
03050406
16050303
15050303
18050703
16050502
11050202
09050805
03050205
23050105
18052009
11050107
18050704
06050304
11050110
07050607
03050408
18050403
06050602
13050107
18052725
01050801
10050403
21050503
18051303
10050404
09050607
21051003
16050202
08050108
09050403
12050501
10050405
07050606
18051804
05050204
09050102
06050102
18052401
18051304
01050703
02050203
14050102
12050803
02050311
18051001
21050305
02050404
21050504
18051501
07050302
16050403
07050503
18051407
06050502
21050209
10050305
18052736
12051001
05050203
15050301
21050606
10050308
18050102
21050903
10050311
15050204
18052303
18052010
02050107
10050408
18051903
21050905
11050108
18051907
18050503
18050903
12051103
15050202
21051102
09050509
03050503
01050705
18050205
08050107
07050604
10050202
09050104
10050103
07050203
18052716
09050608
04050503
21050208
06050103
21050403
18051002
12050302
06050205
12051004
12050705
18051305
21050906
18050404
18052105
02050406
18051905
21050307
18051306
21050704
20050305
18052404
07050110
17050107
08050112
18051103
18050804
15050405
05050103
16050304
07050608
18052503
10050406
20050403
12051202
18052203
20050505
21050109
03050304
03050407
01050205
14050307
18052403
21050907
23050203
06050604
15050307
18052004
03050502
08050303
12051002
09050201
13050204
14050308
09050103
10050309
20050102
18052103
15050302
09050305
08050109
06050503
15050203
08050110
08050203
07050108
21051004
21050207
06050603
09050506
13050109
08050111
08050204
18050502
13050207
01050503
05050401
18050702
17050108
02050202
05050902
18050206
14050106
12050201
09050707
07050111
13050304
14050104
07050109
15050304
17050103
20050503
16050105
18051302
09050202
04050102
03050404
15050403
14050305
18051102
06050203
04050304
08050304
18051904
18051404
14050402
18051906
15050305
15050306
05050801
18052106
15050103
18051604
03050504
16050109
01050505
11050203
12050303
09050803
05050205
01050504
01050206
07050304
10050407
08050113
07050303
18052104
21050306
01050204
10050310
09050705
18051703
03050204
03050306
18051603
18051207
20050504
20050209
09050105
18051408
06050501
01050403
20050208
18050302
18051805
18050803
11050109
06050405
09050804
18052604
09050706
16050301
18051803
14050202
16050107
15050404
01050704
18050802
04050205
02050313
04050206
16050108
18052008
06050204
03050305
15050201
13050401
02050108
05050502
03050103
21050505
18051705
13050105
18052006
18052007
18052204
18052005
02050309
20050502
14050103
12051003
13050106
09050510
21050308
18051208
18052302
09050106
20050506
09050508
03050303
09050306
17050106
12051201
18051602
02050310
13050205
02050204
12050101
23050106
09050507
18052815
21051005
18051004
16050503
05050303
21050206
05050901
05050102
18052405
18050705
04050401
16050203
14050105
18050805
05050504
23050205
23050204
18051704
01050602
18052202
12050704
09050605
05050402
14050503
21051201
14050403
21050401
03050203
21050227
09050404
20050405
18052107
20050307
03050508
16050111
08050306
09050109
18053026
21050211
15050309
04050306
08050208
18050305
18052208
08050307
03050308
09050549
07050128
20050430
09050132
20050438
21050640
01050129
16050234
18050842
09050764
12051017
20050332
07050631
18052640
09050145
09050609
18052901
21050910
01050306
07050609
09050405
06050207
06050703
14050312
21051009
09050406
01050406
02050205
03050409
18050906
18052408
20050214
18051312
02050326
08050267
08050268
18050326
18052133
07050325
07050423
18050834
20050431
01050422
18051525
20050238
20050138
02050140
18052826
13050232
15050433
09050758
18051232
20050435
16050431
18050132
09050759
21050820
08050177
03050440
18051846
02050380
18050844
09050766
18052233
01050539
15050137
15050437
15050236
03050528
05050813
05050121
05050620
21050239
18052048
06050724
03050531
21050643
02050381
02050232
21050237
14050228
17050148
20050243
10050139
12050818
03050525
07050334
21051037
16050235
12051135
07050335
21050940
06050333
01050331
03050134
10050331
20050244
04050427
01050230
05050710
17050149
12051019
03050448
18051238
18050334
18051644
20050540
04050129
15050349
20050441
20050246
21050141
21051136
01050535
14050127
18052021
15050314
05050406
18050411
16050439
03050446
11050153
15050348
01050132
05050621
23050238
09050768
03050333
10050145
03050447
15050439
18051955
09050767
06050623
06050145
08050285
14050142
18051628
18051831
18051938
18051937
21051126
06050422
04050236
20050323
20050324
08050156
12050206
01050513
16050232
18052828
18051645
16050440
18051538
09050343
21050334
20050137
07050634
01050328
07050526
18052041
16050523
18050428
09050341
14050226
03050328
18052922
21050433
03050232
21050432
20050536
03050523
16050124
05050413
21050923
05050414
09050833
04050316
03050222
18050926
18052218
03050519
09050330
07050214
21050525
15050117
18051928
01050324
18052028
08050145
09050122
02050216
18052528
02050217
21050817
15050335
21050426
18051837
09050842
18051229
21050533
21050631
09050753
15050228
18051027
03050437
18050514
20050232
06050130
06050715
08050265
06050714
12050916
09050550
11050411
12050409
13050416
21050329
18052538
09050334
04050523
09050126
11050412
16050227
07050222
02050131
15050426
14050525
06050234
23050128
02050225
12050107
12050309
06050129
18050325
09050223
13050325
09050224
18050424
18051123
11050314
18052638
21050342
18050333
06050144
01050719
16050139
10050105
18050919
15050318
18050416
07050619
16050121
02050335
18052411
18052213
02050334
18050311
10050119
06050610
14050213
18051014
05050212
21051014
04050404
05050211
16050509
09050116
09050327
12051119
01050316
09050115
14050113
18052022
10050318
21050601
21050629
18051935
08050259
18050229
21050927
18052641
07050218
21051025
17050135
15050125
18052226
18053034
07050125
12051218
12050307
04050415
07050630
16050515
18053012
18050830
15050330
18052711
18051936
18051520
16050223
02050224
09050430
09050747
06050515
18052034
18052626
18051226
18051428
18050512
18051627
21050928
06050125
11050410
10050227
16050224
15050130
11050414
18052544
15050340
09050226
02050431
02050430
18052150
01050615
18052328
18050949
03050526
15050235
09050439
13050235
21050138
18051950
14050349
18052149
05050914
08050338
18051132
08050281
21050238
18052148
18050622
08050282
20050335
18052637
21050941
18051852
20050336
16050342
06050621
04050128
10050440
09050138
18050434
07050234
20050439
05050519
18051133
21050339
09050561
21050641
04050526
07050638
14050229
09050647
13050334
21050726
18051638
15050135
03050445
21050438
18051639
13050420
07050428
05050617
18051637
10050235
18052151
03050527
05050119
14050231
06050522
14050230
18052047
02050379
18051640
18051636
10050142
16050436
18052329
18050745
09050440
10050441
21050825
18050623
08050283
18051536
09050646
18050744
18050332
01050538
16050531
10050143
08050181
18050743
05050520
09050230
06050142
05050618
18051134
12051223
21051041
13050421
05050814
09050865
09050142
10050144
17050151
10050334
18051954
08050184
18051643
21050644
21050943
02050145
18052331
06050336
09050443
18052556
18050523
18052154
18050950
18051237
20050245
06050143
08050185
07050137
20050440
12051225
01050130
06050723
18050436
07050136
07050640
06050337
21050240
06050622
01050131
04050328
09050563
14050141
18051138
18050951
08050186
18051953
12051139
21050944
02050148
18052732
18051743
06050246
13050423
03050136
17050152
06050245
16050441
12051020
16050442
06050339
04050233
18051539
09050444
23050140
10050240
21051138
06050146
05050221
18052907
18051439
23050240
18052554
21050341
18051854
06050335
10050333
23050137
18050435
01050512
08050170
23050231
15050231
18052138
21051032
15050230
02050366
18053023
05050811
18050329
06050520
07050225
18052037
06050519
20050326
15050339
12051133
21051130
05050713
06050324
09050846
18051435
20050327
08050272
13050130
20050434
18050835
10050134
16050336
18051128
18053002
04050420
18051731
05050217
23050131
15050347
12050820
07050336
12051138
21050827
18052155
20050142
12050512
21050545
03050529
14050350
12051018
18050902
09050812
21051107
20050409
12050709
23050211
13050210
09050518
06050106
21050215
18052805
08050119
10050418
18052017
02050325
21050407
09050517
18050604
13050312
14050110
09050717
04050104
09050519
01050310
02050209
03050414
12050710
18052903
18050213
12050904
16050507
09050318
06050308
07050410
20050309
18052921
17050112
09050615
03050413
20050110
18050911
03050105
09050319
14050207
08050169
18051840
18050937
14050128
18052420
10050437
18050236
21050335
13050234
16050237
12051222
09050560
20050334
21050543
16050236
13050333
06050141
21050544
21050338
08050180
16050136
21050337
04050424
09050438
14050530
18052327
09050137
05050913
03050133
18053019
11050152
18050843
10050141
03050444
04050425
12050819
18051137
01050429
09050141
23050237
20050143
14050352
18052555
12051217
05050910
20050119
18052702
04050321
06050128
15050131
06050320
14050524
06050321
12050609
14050527
18052039
06050328
14050343
18051736
18050131
18050618
18051130
08050340
06050616
18051526
18050934
21050132
13050126
10050132
14050335
18050232
13050328
08050167
02050364
13050227
07050129
08050269
01050423
07050632
18050935
03050326
04050122
18052321
08050270
08050166
18051028
09050337
13050327
20050432
12050108
11050209
07050424
03050438
20050534
02050132
15050428
18050130
21050932
21050633
18052833
18051125
09050336
07050327
21050331
18050233
02050133
18051527
18052134
16050129
16050520
16050228
03050123
16050427
18051839
10050326
03050228
11050141
21050634
06050131
18050425
01050121
07050326
02050363
18050234
21050427
18052322
21050330
13050228
07050130
18050129
18052135
06050716
06050132
12051015
06050424
12050207
09050335
21050534
18051838
04050418
18052419
13050127
09050755
12051132
18052539
18053011
12050718
05050216
20050533
01050820
08050183
18051136
09050650
12051137
16050438
21050626
05050113
21051206
10050130
12050703
05050601
12050601
03050403
21050502
18052003
07050603
18052735
20050205
01050702
21050302
14050304
18052102
09050718
01050208
16050209
16050210
02050114
18051114
09050532
05050409
18052120
03050316
03050112
18051319
20050118
16050317
18051716
23050220
18050415
18050718
18050719
23050119
08050235
15050317
18051921
18051817
20050219
18053013
21051210
08050129
05050310
09050533
17050121
18050720
13050213
18052819
02050120
18050917
14050410
18050918
18050817
06050311
12051118
16050216
05050410
16050414
18052911
18050218
18050606
09050626
21051013
18052318
18052033
10050129
18050124
18050125
04050414
18050929
08050155
11050407
02050223
18052225
20050528
06050124
12050608
09050542
20050527
09050222
18050228
05050911
10050324
03050432
21050131
02050427
21050326
06050123
08050258
16050126
07050420
07050124
09050543
10050435
18052834
18051024
14050415
05050415
18052531
06050614
21050531
18050829
16050328
11050408
11050140
20050531
08050162
13050124
18050831
21051227
11050409
21050328
18052916
21050333
05050615
03050229
18050328
13050129
13050418
01050123
18050938
18050939
17050142
05050418
18052137
21051030
18051333
09050554
18051529
09050225
07050224
18050615
21051031
21050936
18050952
18052543
02050135
01050224
18051126
05050616
10050133
03050230
01050614
21051230
15050338
18052324
18051943
18051029
17050141
18051127
12050816
18052542
18051841
21050136
14050129
16050138
15050126
18051329
04050416
09050840
12051128
14050221
18051429
20050230
14050522
12050815
09050751
18051430
07050421
16050329
15050333
04050417
01050531
23050127
05050416
18051832
04050121
04050516
04050222
18052320
18051833
07050519
18052131
01050119
01050532
18052918
07050126
07050220
02050361
16050517
21050929
18051227
05050711
21050632
08050328
20050325
03050122
06050615
07050223
16050332
05050712
08050329
21051128
21051228
14050133
16050135
04050421
08050174
18050839
23050235
10050232
06050239
06050329
18050619
14050134
03050128
08050176
09050857
08050175
16050339
07050332
03050439
18051947
07050228
18050941
18052326
18051845
18052042
09050757
07050333
15050432
07050227
06050429
16050524
18051034
17050145
02050229
04050326
20050535
06050240
16050430
18050429
18051534
18052634
06050138
18051737
13050131
11050313
06050241
21051233
01050333
01050329
04050229
14050135
18052635
18051948
21050636
18050942
18051033
07050527
21050728
11050118
23050213
18052307
07050212
20050120
05050110
07050315
02050419
09050841
01050428
02050144
17050113
09050520
21050512
21050612
05050107
20050113
06050309
18050605
09050527
21051111
01050312
07050310
18052613
21050515
08050224
21050919
01050515
18051713
16050508
16050114
06050608
18051212
08050223
07050509
09050622
09050323
02050117
18050110
05050209
03050418
06050110
15050110
04050310
14050211
18052516
03050310
10050314
08050226
18052118
08050225
03050417
05050210
09050723
18050816
18052931
18050505
18052912
06050109
21050117
18051010
21051207
18051714
03050311
08050313
18051915
07050311
21050806
09050528
10050422
18052410
04050212
15050211
18052926
18050111
16050212
13050313
01050712
18050915
01050313
07050118
09050112
18050714
01050516
18052927
18050412
05050407
07050617
15050109
21050216
03050215
08050228
08050227
06050215
21050516
20050413
03050419
23050117
01050314
18051617
02050119
16050314
18053015
09050413
10050215
18052722
04050111
20050114
18052616
18051012
18051011
18051317
17050116
21051012
18051917
18052119
16050213
12051209
18052905
08050126
06050111
01050808
20050415
09050324
06050708
20050217
09050113
18052827
15050315
18051815
12051112
21050217
13050212
15050316
13050314
14050212
21051209
18051412
16050115
05050108
09050531
14050408
08050125
18051919
18051213
16050119
10050115
18052212
12051115
09050209
18050506
12050203
03050315
03050420
21051208
18050112
15050415
06050113
09050820
08050124
05050607
21050315
21050316
01050517
18052915
18050716
07050312
21050807
09050624
14050111
07050210
16050412
01050713
09050725
09050623
07050415
18050413
07050209
06050411
18050414
14050515
16050116
12051113
13050115
18052517
18051113
21050218
08050128
18051216
10050241
14050319
10050114
21050413
07050618
21051113
09050530
01050606
18052311
05050807
15050213
09050625
16050413
10050116
11050306
09050726
07050511
09050727
09050114
21050518
20050218
18050113
16050120
18051414
18050715
10050118
16050315
18051715
07050314
21051112
12050810
18050216
21050411
18050217
07050414
01050807
14050320
18051318
12051116
14050112
18051618
08050229
03050514
12051117
18051916
09050207
01050607
14050512
18052820
18051413
16050117
02050416
18051013
18052835
09050819
20050115
21050517
17050119
10050217
09050529
15050112
03050111
15050212
21050119
08050127
01050608
21050921
09050326
03050421
10050317
03050312
21050118
06050509
18050310
12051208
08050230
08050231
08050232
09050818
20050414
02050417
17050117
13050211
15050111
18050717
13050113
08050234
05050608
08050233
03050110
17050120
16050215
18050114
13050408
12051111
01050210
12051007
20050116
18050916
21050412
14050513
06050409
01050411
18052712
13050315
01050806
18051918
18051816
20050416
02050331
09050728
20050117
14050409
06050112
09050208
23050118
02050118
09050817
14050514
17050118
18053017
10050315
05050508
02050333
01050412
18051112
07050211
01050109
05050808
21051114
07050313
01050315
18053004
18052615
02050332
16050214
18052614
18051214
06050216
21050317
13050407
13050114
10050117
18053008
21050920
13050406
20050516
06050410
05050408
07050510
11050119
18051508
21050414
06050510
18051616
18051215
18052920
11050120
08050314
11050122
23050219
16050316
18052808
06050609
18053007
10050316
09050325
01050809
11050121
15050113
09050210
02050415
04050311
16050118
06050412
23050218
06050310
21050935
04050325
09050756
18052230
02050227
16050335
09050127
21050635
14050339
18050327
07050328
06050236
08050271
18052541
09050553
16050428
18052323
07050524
18052913
21050639
16050435
18050237
18051236
18050845
09050140
10050236
18052929
02050436
04050428
18051041
21051043
03050135
07050429
10050332
18051440
18052823
20050404
01050506
15050406
21051202
23050206
09050107
08050114
16050204
21050309
21051237
18051951
16050238
12050211
16050137
18051135
01050818
05050420
18052553
07050236
21050139
06050334
08050284
09050562
18051641
07050237
01050616
18052724
08050339
04050426
09050441
13050133
14050531
18052330
18051642
18051537
01050718
01050229
05050120
05050220
15050227
06050139
18052043
20050537
18052044
16050432
05050117
16050525
09050134
03050442
18052550
16050526
20050239
15050343
07050528
20050436
15050434
14050528
15050344
04050230
01050225
03050233
21050232
16050527
18051035
18052814
14050344
06050242
02050376
21050434
12051220
18051336
18051738
07050529
18051535
09050436
15050233
18050430
09050136
04050231
10050233
12050311
01050426
04050327
08050178
07050636
18053006
18050431
11050146
18050944
05050714
01050226
18050133
09050133
18050739
06050619
18050840
20050139
05050912
23050236
06050430
18052144
02050141
18052143
02050230
09050228
15050342
08050335
09050135
05050715
14050136
23050133
03050441
05050218
07050635
18050943
09050858
09050760
05050320
18050625
21050645
01050541
21050241
18052733
09050702
04050501
05050301
02050105
10050201
09050802
23050102
07050502
18052002
13050301
04050203
04050302
11050301
16050102
07050105
21050203
21050103
21050204
16050103
13050203
08050302
18050701
23050103
09050602
14050301
21050104
21050901
11050102
21050701
09050101
03050402
14050303
21050902
09050301
05050202
03050201
20050303
05050101
07050106
07050403
12051101
07050107
08050301
23050104
01050402
13050202
21051002
20050203
02050401
06050701
05050302
10050303
15050401
09050703
21050301
20050401
13050302
12050701
20050304
13050303
15050402
03050301
09050302
14050302
18051901
21050105
18051801
09050432
20050532
02050429
05050417
21051129
16050334
18051730
17050140
21050537
06050235
18052631
08050330
18052817
01050326
10050328
21050428
18052740
18050936
15050229
18052229
14050417
20050233
16050521
21051229
14050338
11050413
07050523
06050323
06050322
07050633
10050229
16050229
09050845
18050614
18051332
04050419
16050230
03050327
21050134
21050135
18051434
03050125
07050131
18050235
04050324
13050128
04050322
14050337
18052540
04050323
05050115
14050418
21050536
20050433
15050337
02050134
21050934
18052706
21050442
11050210
14050143
18052557
04050330
02050383
08050187
09050868
16050140
09050547
21050942
18052153
18051952
06050722
17050150
18051341
15050438
18052551
18051036
09050643
06050431
12050918
07050230
01050330
09050859
20050240
21050435
03050129
07050134
21050938
09050761
21050724
20050538
01050816
02050142
09050437
12051221
16050340
18052821
18050134
07050425
21050723
18051337
11050147
06050330
21050233
10050234
21050541
21050822
16050233
09050229
21051133
18052729
21051234
09050861
13050132
17050146
12050817
16050433
18050519
09050860
18051847
18050740
18052045
01050227
18051634
08050278
15050133
18050945
08050277
01050128
21050436
09050342
05050518
21050137
18051848
07050229
20050328
06050243
07050231
21050637
05050219
16050434
20050330
18050520
02050377
21050638
06050140
18051633
18051949
07050232
21050234
10050138
16050528
21050540
21051036
08050276
23050139
21050917
16050110
12050210
07050427
18051739
21051235
18050948
18051339
11050150
21051135
14050348
08050336
15050134
13050233
18050841
11050151
03050524
03050131
05050319