31161009
31161020
31164001
31161011
31161016
31161022
31164009
31161013
31161014
31161015
31164014
31161010
31164011
31164016
31161008
31161002
31161003
31161018
31161024
31161026
31161019
31161023
31161012
31164007
31161001
31164008
31164002
31161017
31164004
31164005
31164003
31161005
31164013
31161006
31164015
31164017
31164012
31164010
31161007
31164006
31161025
31161004
31161021
30165070
30165171
30165186
30165180
30161234
30165120
30165189
30165506
30161246
30165018
30161184
30165503
30165432
30162085
30165174
30161248
30161055
30160052
30165102
30161250
30165218
30165422
30160077
30165084
30168015
30165196
30161122
30161050
30160032
30165502
30161179
30160029
30161252
30161058
30165128
30165172
30165087
30165209
30168023
30165023
30161033
24160105
30168019
30162080
30168018
30161245
24160104
30165173
30165183
30165210
30165152
30160119
30165028
30161044
30161255
30161147
30161261
30165022
30165166
30165332
30165015
30161015
30165016
30160079
30161156
30165199
30160080
30165163
30165418
30165194
30165088
30165404
30165340
30161125
30161197
30161065
30160123
30161181
30165071
30168050
30168051
30168049
30165157
30161048
30160130
30160067
30160076
24160120
24160119
30161226
30161163
30161082
30165193
24160122
24160121
30168009
30165308
30161141
24160128
30161168
30160006
30165601
30161165
30165110
30161160
30165074
30161073
30165021
30161231
30165164
30165176
30161232
30165309
30165115
30165144
30161119
30160128
30161036
30160010
30161037
30161106
30165416
30161121
30161135
30165116
30160150
24160108
24160109
30160051
30165185
30165154
30165008
30165036
30161258
30161155
30161153
30160137
30161185
30165328
30161032
30165054
30161158
30161047
30160125
30160001
30165165
30160117
30161175
30165205
30165086
30165201
30165076
30165052
30160094
30165410
30165092
30161067
30161192
30165064
30160148
30161209
30160107
30161051
30161238
30161069
30161193
30160009
30161236
30165343
30160126
30160038
30161018
30161060
30160120
30165412
30165113
30165136
30160089
30165143
30165208
30165401
30161068
30165019
30160035
30165430
30165408
30161084
30165313
30160105
30165419
30168001
30168011
30162086
30165085
30165219
30162081
30168053
30165429
30165424
30161115
30168030
30165125
30165042
30165326
30161224
30160026
30168012
30161183
30161194
30161187
30165132
30165129
30161108
30165066
30165108
30165112
30165063
30165056
30160138
30168037
30162077
30165051
30165405
30161083
30161235
30165217
30161199
30165179
30161257
30160091
30160050
30160047
30161014
30165161
30168026
30161148
30161233
30165190
30160045
30165138
30165011
30165002
30168036
30168035
30168013
30161123
30160132
30161076
30160060
30160143
30160023
30160025
30160115
30161020
30160024
30161034
30160147
30161077
30160092
30161202
30161070
30165169
30161137
30161221
30168020
30165069
30168044
30165147
30165047
30160145
30168022
30160118
30161116
30168045
30161136
30165026
30165029
30161109
30165137
30161256
30160095
30165044
30165162
30161188
30160152
30165158
30161102
30160033
30160034
30168043
30165131
30161220
30160106
30161053
30161240
30160122
30160102
30165032
30161052
30161218
30165097
30165025
30168042
30160139
30161237
30165010
30168047
30165111
30165501
31161027
30161089
30165083
30161054
30161079
30165048
30161105
30161219
30165053
30165091
30160103
30161178
24160111
30161206
30161210
30160140
30165059
30161190
30160086
30165403
30161195
30165319
30165338
30165135
30161146
30161177
24160112
30161013
24160113
30160070
30165057
30165221
30165182
30165302
30165331
30168041
30168039
30165330
30165149
30165027
30161056
30165037
30165031
30168052
30165423
30165211
30160031
30160030
30161239
30161090
24160125
30161143
30160028
30168021
30168046
30160113
30161140
30161249
30165314
30160002
30160069
30165311
30161104
30165148
30165081
30165107
30160073
30161062
30161092
30161046
30165127
30165151
30160093
30165080
30160068
30160061
30161080
30160058
30165414
30165114
30165304
30161001
30165337
30165004
30165072
30161260
30165077
30165204
30161029
30160075
30165105
30165155
30165150
24160102
24160103
30165043
30160136
30168058
30161126
30162084
30165417
30165068
24160101
30165024
30165170
30165045
30165133
30161035
30161150
30160055
30165039
30165427
30165342
30165426
30165014
30165207
30165220
30165602
30161103
30165095
30165167
30161259
30161009
30168038
30160078
30165067
30160133
30160027
30160110
30160112
30161223
30161254
30165060
30161066
30161088
30165184
24160106
30161049
30161242
30161021
30160037
30165082
30165153
30165203
30161244
24160129
30165140
30165099
30161139
30161093
30165109
30165013
30165033
30160134
30165212
30160083
30161159
30161129
30161174
30161071
30161043
30165055
30165177
30165118
24160124
30165122
30165034
30165040
30161006
30165175
30165050
30165009
30165181
30165222
30161117
30161253
30165041
30165101
30165187
30165145
24160110
30161262
30165062
30160072
30165198
30165078
30165188
30165093
30160007
30161201
30165504
30165100
30165411
30168048
30165216
30162083
30168017
30165130
30160062
24160131
30165428
30165195
30165413
30161095
30161186
30162082
30162075
30161241
30160087
30168040
30165505
30161045
30161074
30168027
30168002
30168024
30168055
30168054
30160090
30161081
30160100
30161180
24160107
30160114
30165213
30165344
30161230
30161162
24160126
30165030
30165197
30165318
30165305
30165159
24160123
30160129
30160131
30165007
30165103
30161124
30165301
30165017
30165168
30160043
30165325
30161025
30165200
30165202
30165124
30160053
30165329
30161016
30160084
30160036
30160146
30161059
30161098
30162078
30160011
24160127
30160022
30168057
30168056
30168025
30168010
30165406
30165321
30160019
30160013
30160005
30160020
30160014
30160015
30161040
30161217
30160124
30161173
30160016
30160144
30161019
30160116
30161042
30165049
30161078
30160149
30160074
30161182
30161208
30160012
30161041
30160082
30160048
30160018
30161229
30160111
30161039
30161038
30160108
30165089
30160141
30160153
30165306
30160099
24160118
30160017
30168014
30161247
30165312
30165341
30165075
30161064
30165415
30165310
30165303
30165178
30165156
24160114
30165094
30165073
30165079
30165316
30161086
30165160
24160117
30165001
24160115
30160049
30161087
24160116
30168007
30168033
30168006
30168008
30168003
30168032
30168004
30168005
30162076
30168031
30168034
30165407
30161128
30165327
30161133
30165134
30161026
30165402
30160059
30160039
30165215
30160109
30161196
30161085
30165334
30161100
30165046
30161131
30161107
30165146
30165123
30165141
30165307
30165322
30165003
30165206
30165142
30165005
30160046
30161215
30161110
30161132
30162079
30160101
30160021
30161022
24160132
30161144
30165090
30160041
30168060
30168016
30168029
30168059
30160040
30168028
30161012
30161017
30160066
30160104
30160065
30161172
30161198
01160601
01160309
01160308
01160323
01160116
01160329
01160523
01160403
01160704
01160118
01160720
01160607
01160405
01160705
01160706
01160406
01160707
01160310
01160221
01160304
01160527
01160605
01160606
01160610
01160511
01160107
01160325
01160212
01160716
01160415
01160324
01160213
01160723
01160616
01160421
01160330
01160407
01160508
01160708
01160317
01160219
01160430
01160110
01160611
01160512
01160513
01160209
01160109
01160710
01160711
01160612
01160318
01160514
01160515
01160712
01160728
01160335
01160422
01160524
01160217
01160719
01160423
01160339
01160732
01160121
01160621
01160104
01160518
01160726
01160334
01160425
01160426
01160306
01160307
01160305
01160404
01160507
01160205
01160408
01160206
01160105
01160312
01160313
01160204
01160106
01160314
01160509
01160609
01160409
01160510
01160115
01160113
01160714
01160114
01160717
01160727
01160615
01160725
01160530
01160420
01160613
01160608
01160410
01160208
01160108
01160703
01160101
01160501
01160502
01160503
01160201
01160504
01160401
01160102
01160301
01160701
01160604
01160202
01160603
01160103
01160702
01160506
01160528
01160331
01160328
01160529
01160519
01160431
01160215
01160327
01160709
01160713
01160414
01160336
01160429
01160730
01160731
01160117
01160338
01160311
01160337
01160617
01160120
01160417
01160418
01160521
01160220
01160207
01160316
01160322
01160416
01160522
01160419
01160722
01160526
01160715
01160520
01160614
01160332
01160412
01160111
01160319
01160413
01160321
01160517
01160320
01160210
01160516
01160112
01160218
01160618
01160402
01160302
01160729
01160427
01160119
01160619
01160620
01160718
01160602
01160525
01160333
01160721
01160340
01160724
01160424
01160505
05161001
05160201
05160901
05160401
05160301
05160501
05160206
05160405
05160106
05160207
05161006
05160112
05160113
05160410
05160906
05161008
05160409
05161007
05160210
05160307
05160308
05160905
05160406
05160504
05160108
05161003
05160214
05160111
05160512
05160314
05161012
05160313
05160221
05160121
05160419
05160223
05160918
05160324
05161019
05160220
05160226
05160123
05160225
05160211
05161013
05160318
05160503
05160529
05160912
05161014
05160415
05160515
05160117
05160116
05160416
05161015
05160516
05161016
05160217
05160319
05160227
05160922
05160522
05160520
05160424
05160126
05160127
05160521
05160425
05160228
05160209
05160208
05161028
05160224
05161021
05160110
05160326
05160128
05160231
05160527
05161004
05161005
05160306
05160408
05160305
05160310
05160908
05160309
05160412
05160508
05160909
05161011
05160311
05160212
05160109
05160910
05160509
05161010
05160511
05160213
05160510
05160323
05160322
05160219
05160421
05160124
05160230
05160530
05160523
05160205
05160506
05160413
05160317
05160414
05160911
05160513
05160430
05160131
05160130
05160928
05160102
05160302
05160404
05160902
05160402
05160203
05160502
05160403
05160105
05160103
05160104
05160303
05160304
05160919
05160129
05160926
05160329
05160328
05160429
05161020
05160411
05161009
05160917
05160119
05160427
05160526
05160528
05160507
05160422
05161022
05160518
05160519
05160927
05160204
05160407
05160215
05160517
05160122
05160325
05160120
05160418
05160125
05160920
05160114
05160321
05160914
05160915
05161017
05160118
05160218
05160417
05160916
05160525
05160924
05160923
05160925
05161026
05161023
05161027
05160330
05160101
05160229
05160426
05160132
02160108
02160405
02160408
02160109
02160215
02160324
02160209
02160208
02160211
02160210
02160409
02160117
02160413
02160315
02160414
02160214
02160116
02160415
02160125
02160422
02160521
02160520
02160232
02160525
02160312
02160322
02160206
02160503
02160504
02160205
02160118
02160417
02160119
02160120
02160513
02160419
02160416
02160320
02160121
02160515
02160132
02160516
02160216
02160218
02160217
02160321
02160319
02160220
02160418
02160219
02160514
02160526
02160310
02160325
02160207
02160107
02160406
02160407
02160313
02160314
02160112
02160114
02160212
02160510
02160511
02160113
02160111
02160115
02160213
02160512
02160124
02160519
02160424
02160226
02160508
02160318
02160126
02160316
02160103
02160306
02160502
02160104
02160202
02160403
02160501
02160305
02160201
02160303
02160304
02160105
02160402
02160307
02160404
02160106
02160506
02160308
02160309
02160131
02160426
02160528
02160530
02160505
02160326
02160229
02160230
02160327
02160529
02160524
02160428
02160412
02160129
02160430
02160130
02160225
02160522
02160523
02160425
02160204
02160222
02160317
02160423
02160527
02160224
02160421
02160223
02160227
02160410
02160507
02160311
02160411
02160429
02160110
02160517
02160122
02160221
02160518
02160420
02160123
02160127
02160203
02160231
02160427
02160301
02160401
02160101
02160102
02160323
02160128
02160228
15160401
15160601
15160315
15160513
15160309
15160101
15160301
15160410
15160306
15160504
15160605
15160636
15160129
15160246
15160637
15160339
15160437
15160508
15160343
15160344
15160345
15160210
15160608
15160412
15160509
15160110
15160211
15160510
15160413
15160212
15160311
15160310
15160308
15160507
15160606
15160209
15160208
15160607
15160224
15160516
15160323
15160419
15160617
15160223
15160332
15160240
15160425
15160528
15160628
15160629
15160125
15160124
15160426
15160539
15160251
15160347
15160239
15160338
15160431
15160242
15160243
15160532
15160531
15160130
15160336
15160314
15160609
15160215
15160511
15160414
15160214
15160512
15160111
15160313
15160229
15160254
15160333
15160424
15160626
15160106
15160134
15160523
15160232
15160231
15160519
15160520
15160522
15160329
15160327
15160230
15160119
15160233
15160328
15160620
15160521
15160326
15160619
15160621
15160325
15160622
15160542
15160430
15160537
15160248
15160538
15160341
15160340
15160247
15160536
15160342
15160207
15160261
15160630
15160204
15160641
15160253
15160642
15160256
15160257
15160109
15160505
15160506
15160206
15160415
15160318
15160219
15160612
15160317
15160220
15160116
15160514
15160218
15160221
15160115
15160613
15160113
15160611
15160114
15160417
15160316
15160217
15160515
15160615
15160418
15160321
15160320
15160322
15160614
15160222
15160117
15160245
15160639
15160252
15160625
15160226
15160227
15160420
15160228
15160518
15160517
15160138
15160440
15160439
15160104
15160409
15160105
15160502
15160503
15160202
15160603
15160302
15160404
15160406
15160407
15160408
15160604
15160103
15160405
15160602
15160304
15160108
15160205
15160305
15160533
15160610
15160632
15160123
15160646
15160616
15160128
15160334
15160241
15160335
15160112
15160216
15160122
15160527
15160422
15160337
15160543
15160135
15160434
15160435
15160544
15160352
15160139
15160131
15160644
15160259
15160258
15160618
15160427
15160530
15160633
15160634
15160635
15160127
15160260
15160137
15160118
15160107
15160225
15160423
15160529
15160126
15160132
15160638
15160250
15160627
15160428
15160429
15160213
15160235
15160623
15160234
15160524
15160236
15160421
15160238
15160237
15160121
15160525
15160120
15160526
15160624
15160136
15160645
15160203
15160255
15160534
15160535
15160438
15160402
15160201
15160501
15160102
15160403
15160244
15160432
15160249
15160346
15160433
15160351
15160540
15160349
15160640
15160348
15160133
15160541
17160101
17160123
17160105
17160107
17160110
17160115
17160114
17160116
17160117
17160112
17160113
17160130
17160152
17160120
17160121
17160108
17160168
17160138
17160135
17160137
17160156
17160173
17160161
17160162
17160165
17160124
17160125
17160128
17160127
17160126
17160129
17160148
17160106
17160132
17160134
17160133
17160170
17160102
17160104
17160103
17160109
17160171
17160149
17160150
17160122
17160163
17160164
17160167
17160172
17160154
17160118
17160157
17160166
17160169
17160111
17160155
17160131
17160119
17160139
17160141
17160142
17160143
17160144
17160145
17160146
17160158
17160159
17160160
04160201
04160316
04160407
04160413
04160331
04160105
04160403
04160208
04160309
04160310
04160111
04160323
04160206
04160406
04160315
04160314
04160214
04160213
04160227
04160224
04160226
04160225
04160128
04160328
04160129
04160330
04160230
04160338
04160127
04160324
04160334
04160333
04160335
04160132
04160209
04160339
04160218
04160216
04160347
04160219
04160121
04160122
04160120
04160220
04160125
04160408
04160321
04160319
04160320
04160123
04160124
04160414
04160337
04160106
04160349
04160135
04160228
04160327
04160344
04160109
04160108
04160110
04160211
04160115
04160113
04160210
04160312
04160212
04160114
04160112
04160116
04160405
04160313
04160118
04160117
04160325
04160418
04160107
04160119
04160318
04160217
04160348
04160303
04160203
04160103
04160302
04160204
04160304
04160102
04160307
04160402
04160104
04160306
04160305
04160205
04160401
04160415
04160412
04160343
04160416
04160231
04160134
04160417
04160420
04160404
04160317
04160332
04160229
04160329
04160207
04160215
04160410
04160411
04160311
04160322
04160126
04160221
04160222
04160409
04160223
04160340
04160341
04160345
04160419
04160308
04160131
04160336
04160232
04160101
04160301
04160202
04160136
04160350
04160346
04160133
04160342
18160114
18160133
18160106
18160107
18160104
18160105
18160115
18160117
18160116
18160118
18160120
18160119
18160137
18160136
18160131
18160132
18160112
18160110
18160111
18160113
18160125
18160142
18160108
18160140
18160102
18160103
18160138
18160130
18160141
18160109
18160139
18160129
18160128
18160127
18160121
18160123
18160122
18160124
18160134
18160135
03160202
03160201
03160204
03160203
03160208
03160221
03160309
03160222
03160231
03160104
03160207
03160108
03160302
03160211
03160209
03160210
03160226
03160105
03160117
03160220
03160132
03160131
03160228
03160129
03160130
03160317
03160109
03160212
03160305
03160304
03160306
03160227
03160141
03160121
03160120
03160310
03160123
03160223
03160124
03160122
03160322
03160240
03160235
03160236
03160135
03160116
03160234
03160107
03160106
03160215
03160217
03160218
03160110
03160216
03160111
03160307
03160214
03160113
03160114
03160308
03160112
03160115
03160219
03160142
03160239
03160320
03160119
03160243
03160244
03160102
03160301
03160206
03160205
03160233
03160232
03160318
03160316
03160213
03160241
03160143
03160303
03160136
03160137
03160133
03160118
03160229
03160315
03160314
03160127
03160128
03160230
03160134
03160101
03160311
03160224
03160125
03160313
03160312
03160225
03160126
03160321
03160242
03160103
03160323
03160237
03160319
03160138
03160238
03160139
03160140
14160501
14160201
14160309
14160401
14160209
14160512
14160217
14160122
14160323
14160144
14160326
14160146
14160329
14160404
14160405
14160508
14160210
14160307
14160113
14160112
14160211
14160406
14160507
14160335
14160331
14160303
14160106
14160105
14160208
14160108
14160109
14160121
14160215
14160119
14160120
14160214
14160312
14160415
14160321
14160137
14160138
14160228
14160140
14160226
14160324
14160418
14160506
14160114
14160407
14160604
14160224
14160319
14160124
14160521
14160206
14160230
14160422
14160229
14160515
14160126
14160127
14160125
14160129
14160608
14160607
14160606
14160408
14160220
14160409
14160219
14160130
14160128
14160516
14160410
14160616
14160231
14160617
14160227
14160327
14160613
14160234
14160145
14160110
14160304
14160111
14160305
14160306
14160509
14160116
14160117
14160115
14160213
14160310
14160311
14160605
14160118
14160510
14160222
14160135
14160332
14160423
14160530
14160123
14160313
14160514
14160218
14160513
14160225
14160232
14160601
14160102
14160502
14160203
14160402
14160104
14160301
14160302
14160505
14160205
14160504
14160602
14160503
14160204
14160103
14160235
14160325
14160525
14160618
14160425
14160223
14160328
14160526
14160612
14160139
14160417
14160529
14160233
14160619
14160426
14160148
14160221
14160333
14160308
14160212
14160147
14160523
14160322
14160524
14160416
14160424
14160511
14160207
14160403
14160216
14160318
14160522
14160419
14160320
14160142
14160527
14160143
14160603
14160314
14160411
14160412
14160517
14160315
14160520
14160519
14160131
14160609
14160317
14160611
14160133
14160134
14160316
14160413
14160518
14160610
14160132
14160414
14160615
14160420
14160141
14160101
14160202
14160614
14160528
14160334
14160421
14160337
14160330
11160101
11160301
11160208
11160113
11160135
11160111
11160206
11160207
11160310
11160118
11160115
11160117
11160116
11160119
11160188
11160202
11160175
11160110
11160204
11160133
11160134
11160211
11160155
11160178
11160177
11160168
11160166
11160214
11160167
11160210
11160137
11160108
11160158
11160309
11160220
11160114
11160316
11160138
11160141
11160315
11160140
11160142
11160139
11160318
11160144
11160317
11160143
11160321
11160174
11160192
11160193
11160165
11160219
11160112
11160205
11160129
11160125
11160126
11160124
11160127
11160312
11160128
11160130
11160131
11160313
11160154
11160320
11160221
11160322
11160120
11160209
11160325
11160189
11160190
11160224
11160104
11160201
11160103
11160303
11160106
11160107
11160105
11160305
11160302
11160304
11160306
11160311
11160324
11160186
11160217
11160132
11160213
11160164
11160162
11160163
11160122
11160123
11160172
11160181
11160182
11160191
11160169
11160170
11160215
11160171
11160185
11160183
11160223
11160212
11160159
11160161
11160160
11160136
11160109
11160203
11160314
11160157
11160156
11160218
11160176
11160323
11160216
11160173
11160121
11160147
11160145
11160146
11160150
11160148
11160319
11160149
11160151
11160152
11160153
11160184
11160222
11160102
11160326
11160179
11160180
11160187
11160307
11160308
12161101
12161601
12160201
12160216
12160223
12161140
12160261
12160262
12161191
12161175
12160224
12161121
12161122
12161605
12160226
12161120
12160225
12161123
12161115
12160107
12161114
12160215
12160105
12160239
12161138
12160238
12161137
12160240
12161608
12160257
12160258
12160256
12161164
12161165
12161176
12161170
12161169
12160263
12160213
12160110
12160109
12160230
12161606
12160112
12160231
12160111
12161125
12160116
12160122
12160259
12160275
12160249
12160250
12160245
12161148
12160246
12161142
12161144
12160247
12161151
12161145
12161147
12161152
12160251
12161150
12160252
12161149
12160248
12161146
12161178
12161179
12160267
12160266
12160265
12160119
12161189
12161190
12160212
12161113
12161183
12160286
12160218
12160217
12161116
12161604
12160222
12160219
12161118
12160221
12160106
12160220
12161117
12161119
12160233
12160113
12161129
12161130
12161131
12160114
12161133
12160234
12161134
12160115
12161607
12160235
12161135
12161132
12161136
12160236
12160237
12160117
12161160
12161174
12161159
12160268
12160228
12161124
12160108
12160243
12160242
12160244
12161188
12161612
12160289
12161105
12160207
12161111
12160205
12160206
12161107
12161104
12161110
12161106
12160210
12160209
12161603
12161103
12160103
12161108
12161109
12161112
12160208
12160211
12160214
12160121
12160290
12161184
12160280
12160281
12160285
12161161
12160254
12160284
12161187
12161172
12160282
12160279
12160232
12161128
12161180
12161611
12160276
12161181
12160287
12160288
12160283
12161186
12161185
12160229
12161126
12161127
12161171
12161173
12160118
12161167
12161168
12160260
12160104
12160241
12161139
12161609
12161141
12160272
12160271
12160255
12161162
12161163
12160227
12161154
12161153
12161610
12161157
12161158
12161156
12161155
12160253
12160273
12160278
12160277
12161182
12161166
12160264
12160123
12160202
12160203
12160204
12160102
12161602
12161102
12160101
12160270
12160269
12160274
12160120
12161177
13160403
13160301
13160309
13160312
13160119
13160120
13160334
13160205
13160214
13160207
13160111
13160315
13160208
13160316
13160209
13160107
13160204
13160311
13160108
13160109
13160326
13160325
13160118
13160130
13160131
13160129
13160414
13160224
13160232
13160233
13160229
13160418
13160228
13160310
13160115
13160319
13160114
13160416
13160216
13160337
13160106
13160210
13160139
13160410
13160124
13160125
13160217
13160328
13160335
13160135
13160421
13160424
13160415
13160225
13160423
13160206
13160313
13160110
13160314
13160322
13160406
13160211
13160116
13160408
13160407
13160212
13160323
13160409
13160117
13160213
13160324
13160128
13160318
13160317
13160405
13160122
13160123
13160215
13160327
13160340
13160241
13160101
13160307
13160202
13160303
13160203
13160306
13160105
13160302
13160102
13160304
13160103
13160308
13160104
13160401
13160305
13160426
13160402
13160230
13160333
13160321
13160140
13160419
13160420
13160133
13160138
13160127
13160413
13160231
13160235
13160236
13160240
13160239
13160427
13160428
13160238
13160113
13160137
13160339
13160132
13160237
13160417
13160332
13160227
13160226
13160121
13160331
13160330
13160234
13160336
13160223
13160112
13160404
13160320
13160412
13160219
13160329
13160126
13160411
13160220
13160221
13160222
13160218
13160338
13160425
13160134
13160201
13160422
13160136
19160201
19160302
19160301
19160307
19160216
19160327
19160213
19160116
19160210
19160308
19160208
19160209
19160324
19160326
19160112
19160206
19160126
19160314
19160127
19160215
19160144
19160145
19160322
19160225
19160232
19160153
19160108
19160109
19160310
19160311
19160315
19160330
19160161
19160130
19160133
19160132
19160134
19160135
19160136
19160220
19160131
19160317
19160316
19160231
19160328
19160239
19160204
19160305
19160306
19160207
19160114
19160115
19160113
19160120
19160214
19160122
19160121
19160123
19160312
19160124
19160125
19160331
19160203
19160107
19160212
19160218
19160219
19160129
19160128
19160152
19160151
19160110
19160102
19160303
19160202
19160106
19160104
19160103
19160105
19160111
19160304
19160205
19160234
19160163
19160238
19160320
19160223
19160222
19160224
19160162
19160228
19160227
19160119
19160319
19160325
19160160
19160332
19160309
19160117
19160118
19160235
19160147
19160148
19160149
19160150
19160217
19160146
19160323
19160226
19160157
19160158
19160321
19160230
19160229
19160237
19160211
19160137
19160138
19160221
19160140
19160318
19160141
19160142
19160139
19160143
19160236
19160154
19160101
19160155
19160156
19160233
19160159
19160329
07160101
07160315
07160316
07160407
07160318
07160207
07160208
07160107
07160106
07160413
07160509
07160213
07160508
07160111
07160312
07160313
07160511
07160214
07160510
07160223
07160405
07160206
07160307
07160308
07160210
07160209
07160108
07160114
07160115
07160322
07160121
07160324
07160525
07160323
07160231
07160125
07160534
07160422
07160421
07160124
07160512
07160409
07160528
07160529
07160524
07160408
07160116
07160224
07160520
07160521
07160416
07160519
07160415
07160117
07160414
07160118
07160425
07160535
07160540
07160306
07160536
07160327
07160109
07160110
07160311
07160211
07160212
07160215
07160217
07160410
07160515
07160516
07160514
07160411
07160513
07160317
07160216
07160113
07160218
07160112
07160219
07160518
07160517
07160227
07160427
07160131
07160132
07160130
07160506
07160329
07160233
07160221
07160302
07160202
07160103
07160402
07160201
07160503
07160203
07160502
07160304
07160504
07160303
07160501
07160305
07160404
07160505
07160403
07160104
07160309
07160507
07160133
07160120
07160533
07160420
07160228
07160105
07160229
07160537
07160328
07160538
07160428
07160423
07160424
07160412
07160230
07160530
07160531
07160532
07160123
07160122
07160204
07160205
07160406
07160220
07160222
07160527
07160526
07160128
07160321
07160127
07160314
07160319
07160522
07160523
07160417
07160418
07160119
07160320
07160419
07160226
07160325
07160126
07160102
07160301
07160401
07160232
07160326
07160426
08160215
08160201
08160101
08160108
08160233
08160132
08160234
08160158
08160119
08160218
08160219
08160118
08160217
08160220
08160112
08160113
08160115
08160231
08160232
08160150
08160149
08160258
08160111
08160257
08160255
08160155
08160154
08160210
08160121
08160122
08160221
08160251
08160137
08160140
08160139
08160141
08160144
08160143
08160142
08160138
08160238
08160239
08160237
08160159
08160172
08160216
08160114
08160165
08160256
08160254
08160230
08160248
08160164
08160262
08160116
08160117
08160125
08160124
08160128
08160223
08160129
08160127
08160224
08160126
08160130
08160225
08160226
08160227
08160229
08160228
08160131
08160263
08160136
08160235
08160236
08160171
08160173
08160268
08160209
08160104
08160207
08160206
08160203
08160105
08160204
08160208
08160103
08160106
08160205
08160213
08160109
08160214
08160253
08160212
08160169
08160123
08160148
08160153
08160222
08160247
08160264
08160265
08160266
08160267
08160120
08160133
08160134
08160156
08160152
08160252
08160147
08160211
08160146
08160135
08160250
08160151
08160249
08160157
08160102
08160241
08160240
08160243
08160242
08160145
08160245
08160244
08160246
08160170
08160168
08160202
08160160
08160161
08160259
08160260
08160163
08160162
08160166
10160201
10160401
10160107
10160601
10160408
10160514
10160121
10160230
10160508
10160105
10160410
10160313
10160409
10160315
10160314
10160521
10160319
10160501
10160312
10160405
10160212
10160213
10160614
10160321
10160320
10160416
10160113
10160525
10160526
10160524
10160419
10160623
10160422
10160425
10160229
10160122
10160123
10160530
10160125
10160509
10160510
10160420
10160331
10160106
10160316
10160611
10160207
10160516
10160222
10160430
10160626
10160539
10160505
10160523
10160602
10160609
10160437
10160615
10160517
10160617
10160218
10160217
10160619
10160417
10160219
10160323
10160618
10160325
10160616
10160115
10160537
10160426
10160227
10160334
10160533
10160228
10160625
10160310
10160104
10160112
10160329
10160330
10160342
10160341
10160535
10160627
10160129
10160204
10160608
10160406
10160205
10160407
10160506
10160507
10160511
10160208
10160109
10160512
10160411
10160612
10160412
10160108
10160209
10160413
10160211
10160613
10160513
10160414
10160317
10160210
10160110
10160415
10160318
10160221
10160621
10160119
10160610
10160322
10160515
10160114
10160225
10160232
10160124
10160435
10160130
10160629
10160532
10160307
10160402
10160403
10160103
10160304
10160606
10160404
10160604
10160502
10160607
10160102
10160308
10160605
10160202
10160305
10160203
10160234
10160424
10160238
10160237
10160540
10160545
10160235
10160343
10160536
10160345
10160111
10160528
10160421
10160332
10160542
10160543
10160434
10160504
10160328
10160522
10160120
10160431
10160236
10160128
10160432
10160628
10160531
10160436
10160527
10160224
10160223
10160215
10160311
10160214
10160336
10160335
10160338
10160337
10160622
10160423
10160529
10160333
10160226
10160206
10160346
10160519
10160518
10160118
10160418
10160326
10160620
10160116
10160327
10160220
10160117
10160520
10160339
10160541
10160503
10160309
10160538
10160344
10160433
10160624
10160301
10160302
10160101
10160303
10160603
10160231
10160534
10160428
10160427
10160340
10160126
10160429
10160127
10160233
09160229
09160212
09160103
09160322
09160301
09160218
09160106
09160105
09160217
09160312
09160211
09160102
09160310
09160226
09160227
09160228
09160125
09160333
09160332
09160129
09160338
09160243
09160241
09160308
09160108
09160219
09160114
09160324
09160210
09160237
09160238
09160325
09160326
09160115
09160327
09160116
09160117
09160119
09160118
09160231
09160339
09160341
09160244
09160342
09160340
09160245
09160306
09160139
09160235
09160307
09160240
09160249
09160344
09160131
09160215
09160216
09160214
09160311
09160221
09160315
09160318
09160316
09160109
09160317
09160319
09160222
09160223
09160112
09160111
09160110
09160320
09160224
09160321
09160225
09160127
09160248
09160253
09160124
09160213
09160313
09160323
09160113
09160230
09160252
09160209
09160202
09160303
09160201
09160204
09160203
09160304
09160207
09160206
09160205
09160208
09160101
09160128
09160336
09160337
09160251
09160138
09160349
09160236
09160126
09160314
09160220
09160331
09160132
09160346
09160133
09160134
09160250
09160254
09160242
09160347
09160107
09160348
09160136
09160334
09160335
09160309
09160104
09160234
09160239
09160247
09160246
09160343
09160232
09160328
09160233
09160120
09160123
09160329
09160121
09160330
09160122
09160345
09160137
09160305
09160135
09160302
09160256
09160255
09160140
09160130
21161001
21160601
21160207
21160615
21161002
21160905
21160705
21161009
21160617
21160106
21160616
21161021
21160111
21160715
21160713
21161022
21161023
21160714
21160410
21161020
21160825
21161030
21160121
21160831
21160832
21160735
21160736
21160321
21160741
21160221
21161008
21161034
21160835
21160910
21160305
21161010
21160706
21160618
21160405
21160810
21160306
21160911
21161003
21160904
21160612
21160205
21160907
21160814
21161019
21160815
21160816
21160920
21160625
21160409
21160730
21160118
21160416
21160315
21160418
21160826
21160827
21160927
21160731
21160417
21160317
21160318
21160316
21161035
21160325
21160228
21160929
21160834
21160123
21160737
21160426
21160303
21160108
21160107
21160406
21160621
21160914
21160109
21160204
21160112
21160626
21160423
21160122
21160703
21160430
21160227
21160903
21160613
21160843
21160401
21160133
21160804
21160419
21160732
21160931
21160935
21160922
21160114
21160411
21160627
21160923
21160721
21160821
21160718
21160113
21160925
21160412
21161026
21160722
21161025
21160720
21160723
21160924
21160820
21160628
21160719
21160311
21161024
21160322
21161033
21160428
21160742
21160222
21160231
21160330
21160906
21160333
21160704
21160218
21160630
21160838
21160839
21160840
21160129
21160429
21160841
21160808
21160104
21160807
21160809
21160403
21160206
21160805
21160402
21160404
21160909
21160614
21160908
21160105
21161011
21160917
21160110
21160622
21160407
21160309
21160308
21161013
21160209
21160707
21160812
21160709
21160708
21160811
21160915
21160916
21160208
21161014
21161012
21160408
21161016
21160623
21160918
21161017
21161015
21160813
21160624
21160712
21160711
21160919
21160710
21160324
21160130
21160229
21160932
21160824
21160323
21160307
21160921
21160211
21160818
21160716
21160817
21160717
21160819
21160745
21160433
21160332
21160936
21160934
21160603
21160605
21160608
21160701
21161004
21160602
21160609
21160101
21160202
21160802
21160607
21161006
21160604
21161005
21160102
21160610
21160301
21160606
21160702
21160901
21160801
21160611
21160103
21160637
21160842
21160830
21160132
21160847
21160638
21160320
21160219
21160738
21160643
21161036
21160937
21160328
21161028
21160631
21161027
21160739
21160427
21161018
21160319
21160634
21160636
21160217
21160635
21160432
21160220
21160230
21160844
21160845
21160329
21160642
21160933
21160644
21160748
21160833
21160125
21161032
21160131
21160331
21160302
21160620
21160619
21160913
21160837
21160232
21161037
21160233
21160310
21161031
21160124
21160740
21160639
21160119
21160733
21160425
21160424
21160734
21161029
21160216
21160633
21160928
21160829
21160120
21160803
21160304
21161007
21160210
21160415
21160420
21160632
21160421
21160828
21160422
21160127
21160744
21160224
21160640
21160413
21160724
21160115
21160212
21160116
21160822
21160728
21160313
21160629
21160926
21160312
21160823
21160117
21160725
21160214
21160729
21160314
21160213
21160726
21160727
21160414
21160215
21160930
21160645
21160203
21160902
21160431
21160846
21160201
21160223
21160743
21160126
21160836
21161038
21160226
21160225
21160641
21160128
21160326
21160327
21160746
21160912
21160747
20160702
20160701
20160301
20160401
20160501
20160206
20160605
20160608
20160412
20160110
20160411
20160120
20160613
20160121
20160712
20160122
20160532
20160143
20160709
20160607
20160307
20160302
20160508
20160209
20160510
20160509
20160710
20160311
20160511
20160210
20160609
20160312
20160211
20160408
20160707
20160410
20160612
20160320
20160215
20160319
20160118
20160321
20160611
20160711
20160129
20160622
20160332
20160424
20160224
20160423
20160621
20160620
20160225
20160727
20160133
20160513
20160414
20160112
20160322
20160208
20160108
20160119
20160726
20160730
20160242
20160124
20160216
20160217
20160614
20160218
20160219
20160323
20160418
20160419
20160615
20160713
20160127
20160123
20160125
20160325
20160527
20160324
20160528
20160526
20160126
20160326
20160534
20160338
20160228
20160722
20160430
20160245
20160244
20160706
20160207
20160336
20160733
20160434
20160138
20160236
20160308
20160310
20160309
20160109
20160507
20160409
20160212
20160518
20160316
20160516
20160520
20160416
20160115
20160213
20160415
20160417
20160315
20160116
20160517
20160519
20160515
20160317
20160524
20160521
20160522
20160117
20160610
20160214
20160318
20160523
20160717
20160619
20160222
20160331
20160728
20160631
20160435
20160630
20160718
20160431
20160512
20160313
20160436
20160347
20160734
20160235
20160525
20160102
20160204
20160106
20160105
20160404
20160403
20160504
20160703
20160205
20160203
20160601
20160704
20160405
20160705
20160603
20160104
20160406
20160502
20160304
20160103
20160503
20160602
20160604
20160107
20160505
20160305
20160708
20160506
20160606
20160627
20160234
20160142
20160141
20160632
20160314
20160113
20160345
20160223
20160243
20160344
20160633
20160625
20160626
20160146
20160114
20160514
20160221
20160422
20160330
20160628
20160731
20160232
20160732
20160536
20160139
20160341
20160140
20160145
20160437
20160111
20160413
20160237
20160144
20160134
20160428
20160623
20160226
20160719
20160530
20160426
20160131
20160333
20160334
20160427
20160624
20160720
20160721
20160407
20160618
20160425
20160130
20160531
20160335
20160227
20160132
20160432
20160229
20160629
20160340
20160725
20160337
20160714
20160128
20160420
20160529
20160329
20160716
20160327
20160328
20160715
20160617
20160421
20160220
20160616
20160535
20160136
20160230
20160239
20160238
20160240
20160241
20160342
20160343
20160233
20160533
20160429
20160135
20160201
20160402
20160303
20160202
20160101
20160723
20160724
20160339
20160246
20160247
20160231
20160433
20160729
20160137
20160306
16160501
16160701
16160214
16160208
16160205
16160106
16160514
16160116
16160117
16160131
16160719
16160536
16160239
16160549
16160105
16160406
16160545
16160604
16160209
16160408
16160210
16160709
16160211
16160107
16160102
16160405
16160510
16160204
16160103
16160407
16160603
16160206
16160707
16160418
16160521
16160713
16160522
16160606
16160712
16160115
16160607
16160419
16160428
16160612
16160613
16160230
16160533
16160132
16160229
16160534
16160237
16160508
16160710
16160517
16160108
16160410
16160518
16160231
16160601
16160133
16160427
16160620
16160130
16160447
16160122
16160123
16160423
16160124
16160121
16160525
16160224
16160526
16160225
16160226
16160245
16160621
16160616
16160542
16160240
16160438
16160544
16160618
16160543
16160617
16160241
16160137
16160619
16160552
16160535
16160706
16160538
16160537
16160443
16160442
16160244
16160247
16160207
16160513
16160112
16160412
16160411
16160215
16160110
16160216
16160217
16160519
16160218
16160219
16160605
16160111
16160109
16160221
16160413
16160414
16160113
16160220
16160520
16160222
16160415
16160416
16160417
16160711
16160611
16160610
16160228
16160716
16160433
16160432
16160242
16160446
16160140
16160409
16160523
16160421
16160120
16160422
16160524
16160608
16160448
16160703
16160201
16160704
16160403
16160502
16160705
16160506
16160401
16160402
16160507
16160505
16160202
16160504
16160203
16160511
16160104
16160512
16160404
16160539
16160444
16160724
16160531
16160129
16160114
16160431
16160234
16160235
16160233
16160614
16160548
16160445
16160723
16160139
16160449
16160541
16160540
16160551
16160212
16160213
16160516
16160439
16160550
16160622
16160236
16160429
16160430
16160718
16160232
16160227
16160223
16160426
16160420
16160119
16160118
16160717
16160136
16160721
16160722
16160547
16160134
16160532
16160434
16160125
16160714
16160609
16160715
16160529
16160527
16160126
16160528
16160530
16160128
16160127
16160425
16160424
16160246
16160238
16160437
16160615
16160720
16160624
16160702
16160101
16160135
16160546
16160138
16160440
16160441
16160243
16160623
16160515
16160509
23160101
18160101
15160307
06160101
05160904
23160105
05160315
05160316
17160151
23160202
16160602
05161024
16160708
15160411
06160110
22160507
07160310
01160315
14160136
05160222
05161018
01160326
23160108
23160110
05161025
23160109
15160631
23160106
23160107
01160203
10160216
05160514
01160303
05160524
22160111
07160225
05160115
01160411
05160216
17160136
05160913
10160324
05160320
23160210
22160635
10160239
17160153
23160201
08160261
05160107
23160104
23160203
15160416
15160319
05160312
19160313
04160326
08160167
23160208
22160611
15160324
07160129
15160303
02160302
23160102
08160107
22160805
23160103
16160503
10160306
05160202
05160903
14160107
05160505
05161002
08160110
05160327
23160205
05160907
15160436
15160331
10160544
16160436
01160216
15160350
08160174
05160423
01160428
07160539
02160509
15160312
16160435
05160420
01160214
23160204
04160130
17160147
06160213
22160739
18160126
05160921
17160140
15160330
01160211
22160920
05160428
23160206
23160207
22160502
15160643
23160209
88163007
88161104
88161406
88163008
88160107
88161508
88161405
88163906
88162904
88164206
88161303
88160606
88163006
88161206
88163306
88162508
88162101
88160607
88161304
88161704
88162204
88161605
88161205
88163208
88162407
88163305
88162102
88162609
88161006
88160524
88161422
88161631
88160629
88162334
88163746
88161830
88164125
88162941
88163913
88164316
88161823
88160137
88164028
88160832
88163040
88162640
88162203
88163705
88162409
88164305
88163623
88162248
88161346
88160537
88162843
88161418
88163819
88162031
88160722
88162422
88161722
88160920
88161029
88162725
88162311
88162310
88162107
88163012
88162804
88161011
88160111
88161313
88162710
88161312
88161108
88161609
88163011
88164211
88161610
88163807
88161421
88161643
88162435
88161434
88160734
88162342
88164318
88162711
88162210
88164029
88162837
88162241
88162838
88163730
88161822
88163817
88160917
88163313
88163421
88163405
88161007
88163907
88161506
88162608
88161310
88160712
88162818
88163707
88162707
88162803
88160305
88163404
88163602
88161306
88162515
88160213
88161518
88162219
88162416
88160517
88161113
88160410
88162815
88162718
88161217
88161816
88163114
88164219
88162814
88162519
88163414
88160118
88164217
88163413
88162619
88164311
88160411
88160317
88162620
88163514
88163725
88161114
88161819
88160117
88161818
88162220
88163415
88162919
88162417
88163726
88161621
88162023
88164113
88163608
88163607
88163724
88162113
88164218
88163219
88161623
88160214
88162022
88161115
88161717
88161020
88160119
88160914
88161716
88163022
88160215
88161321
88161415
88163610
88163515
88161414
88160617
88160819
88163609
88162918
88161622
88160717
88160120
88160318
88163220
88161817
88163416
88162315
88163021
88161021
88163113
88160412
88162601
88161301
88163901
88161601
88163002
88163003
88162211
88163604
88161706
88162009
88160105
88163223
88161401
88164301
88163201
88160502
88161602
88161101
88162719
88161322
88163611
88162114
88161718
88161022
88162920
88161820
88163516
88161916
88160430
88161921
88163920
88160725
88160921
88162728
88162629
88160417
88161339
88161043
88161740
88163534
88162239
88164129
88160936
88160429
88161032
88163605
88161515
88163508
88160612
88162913
88161535
88163517
88160916
88162817
88162922
88161026
88162318
88162117
88162224
88164220
88162529
88162733
88161534
88162828
88160134
88163826
88163924
88160828
88161532
88162130
88163127
88162936
88161223
88162327
88160931
88161930
88161224
88163036
88161127
88164326
88160728
88161126
88161931
88161533
88161334
88160423
88162429
88162234
88160329
88162935
88163827
88163128
88161637
88161038
88162129
88162937
88163530
88161734
88162128
88162127
88162328
88160424
88161735
88162634
88163428
88161427
88160932
88162934
88163231
88162829
88160242
88161050
88162740
88163756
88163755
88161436
88161549
88161649
88163840
88163931
88162349
88160538
88162249
88163624
88162643
88162844
88160240
88164334
88163932
88162440
88160539
88161049
88162539
88162845
88160638
88162645
88160938
88163933
88163433
88160639
88160739
88162442
88160241
88161750
88163539
88160839
88161132
88162146
88160438
88163434
88161232
88163338
88164139
88161347
88161945
88160143
88160437
88162540
88160740
88160439
88164237
88162441
88161548
88164236
88162644
88160406
88164119
88162325
88160221
88161926
88163227
88162425
88160129
88160130
88163318
88162926
88161728
88162436
88163041
88161335
88161829
88162038
88161040
88162131
88163233
88162133
88162132
88161039
88162938
88162635
88162430
88163232
88161832
88160428
88163749
88163831
88160136
88162836
88161042
88163331
88162340
88162835
88161833
88162616
88164109
88163407
88163108
88162017
88163720
88161014
88161013
88160408
88161316
88163308
88162018
88162514
88162915
88163014
88163912
88160913
88161213
88164015
88160621
88162034
88163821
88162526
88162729
88162630
88164228
88161726
88161529
88161327
88160922
88162820
88162228
88160128
88162424
88161826
88163317
88161033
88164117
88161527
88163522
88161924
88161923
88161629
88161528
88161526
88161525
88164227
88162324
88162025
88160719
88162521
88162713
88160312
88161410
88162423
88163226
88162819
88164319
88161524
88160822
88163521
88164035
88162445
88161652
88160245
88160432
88164223
88161809
88163732
88163430
88160937
88161541
88160733
88161834
88162341
88161711
88162618
88160322
88163026
88162030
88163426
88160419
88160825
88162343
88160707
88162902
88160104
88160906
88164205
88160311
88164340
88160540
88160940
88163712
88161333
88160802
88161701
88162603
88164002
88163614
88161521
88161840
88164338
88161440
88164140
88163315
88161220
88162226
88164014
88163606
88161216
88161915
88160116
88161045
88161744
88162143
88162737
88163332
88162944
88161645
88164031
88160534
88162244
88164032
88161343
88160138
88163832
88160234
88163751
88162142
88161940
88160635
88160337
88160236
88161047
88160434
88161545
88162345
88163750
88160536
88160736
88160636
88162641
88161229
88161939
88161344
88163239
88161644
88161941
88163622
88160835
88162139
88161938
88161044
88163536
88162140
88163140
88162946
88161942
88161230
88163333
88160141
88162945
88162840
88161747
88161544
88162344
88161342
88163752
88160235
88162437
88163753
88163139
88160735
88164130
88162537
88161745
88161130
88161435
88162943
88163138
88163620
88162245
88163237
88160335
88161345
88160433
88164030
88164133
88162141
88162346
88162247
88162243
88160535
88161748
88162536
88163927
88160336
88164235
88163833
88163141
88160233
88160737
88161836
88160738
88163621
88163535
88164131
88163043
88163241
88163238
88163240
88163834
88161835
88161746
88160139
88162535
88162839
88162347
88163242
88160634
88162246
88162841
88163334
88160142
88160833
88161046
88163754
88164332
88162046
88160836
88164132
88163835
88160237
88160834
88160140
88162028
88162624
88164315
88164019
88162421
88161625
88162625
88164116
88162331
88162637
88163829
88163132
88163326
88162432
88163745
88163743
88160330
88162135
88162638
88162332
88162939
88161428
88160331
88163616
88162431
88162433
88162330
88164329
88164330
88163533
88163234
88160730
88161736
88161932
88163129
88160830
88162833
88163744
88164328
88163131
88162531
88163130
88160229
88161337
88161640
88161225
88161336
88162235
88163038
88162041
88164026
88161536
88161226
88162040
88162532
88163235
88162940
88161227
88163327
88162329
88160210
88161106
88160510
88162208
88164105
88160811
88163601
88161703
88162606
88160217
88161507
88162903
88164004
88160812
88162305
88160506
88164106
88160206
88163304
88160701
88162933
88162906
88162706
88162012
88161607
88162105
88163104
88160334
88160431
88162123
88161724
88160220
88161723
88164225
88162727
88161825
88163423
88161027
88161537
88161802
88163102
88161202
88161102
88162302
88162501
88162402
88160602
88160301
88161801
88162002
88161803
88162502
88163903
88162201
88161501
88164101
88162401
88160702
88161901
88164302
88160401
88160601
88161003
88163202
88162003
88164240
88160243
88162250
88161350
88164238
88163144
88162443
88162950
88163435
88164239
88161348
88161349
88161839
88161439
88160145
88160144
88161550
88163934
88160939
88164335
88163145
88160244
88162251
88163339
88162949
88161751
88161438
88161752
88160640
88161946
88163758
88161437
88163759
88161133
88164336
88162444
88163625
88163757
88162147
88163540
88162350
88160340
88161651
88161650
88161119
88162216
88162020
88161712
88163019
88162813
88163016
88163410
88160616
88162716
88160713
88161713
88161411
88161214
88160409
88163215
88163722
88163721
88160114
88160715
88161914
88163217
88161619
88161215
88160514
88162714
88160515
88161319
88162518
88160817
88162516
88164216
88161516
88164310
88163812
88161317
88163109
88161018
88161813
88162811
88163018
88164016
88163511
88161616
88163310
88163814
88161413
88161814
88160316
88162916
88163723
88161112
88162517
88162415
88161615
88163409
88163813
88160615
88162715
88162111
88163216
88163017
88160516
88160315
88161318
88163411
88160714
88162412
88163015
88163112
88162413
88162314
88162019
88164111
88163110
88161017
88162218
88161617
88161412
88163811
88162717
88164112
88162812
88163412
88160314
88162414
88162021
88161517
88161019
88162217
88163111
88161618
88161305
88163209
88163504
88160508
88161407
88164208
88162306
88161105
88164209
88160418
88162639
88162434
88162736
88163747
88160732
88163134
88163330
88161228
88160731
88161738
88161935
88161642
88164126
88161538
88163329
88161540
88160427
88163619
88162834
88162045
88160332
88163328
88161737
88161936
88162044
88162942
88163135
88164027
88161831
88162236
88162138
88162238
88163136
88162339
88160831
88162735
88160630
88162043
88161433
88160631
88162335
88163926
88161937
88160232
88162337
88162336
88161739
88162237
88161431
88160935
88164127
88162338
88161539
88161432
88160333
88163748
88164331
88163236
88164128
88162734
88163218
88160716
88161715
88161815
88162917
88163513
88161714
88160201
88160902
88161016
88161031
88160415
88162322
88161620
88163020
88163914
88160818
88160115
88161320
88164222
88162923
88162119
88160123
88161520
88162320
88162610
88162509
88162104
88162001
88164123
88161828
88163706
88162905
88162205
88163403
88160632
88162240
88163039
88163420
88163118
88163117
88162721
88163023
88161708
88160909
88162808
88160313
88160407
88162615
88160923
88164118
88163029
88161925
88163030
88161120
88163123
88161727
88163523
88161729
88162730
88160925
88161221
88163734
88164023
88160324
88162426
88160223
88160826
88160521
88160723
88163027
88160619
88162323
88162726
88161920
88163820
88164020
88163028
88160523
88160620
88163919
88163122
88160416
88160219
88162108
88160209
88162511
88162823
88161630
88161919
88163733
88160824
88164022
88162319
88160126
88163314
88162420
88160720
88162120
88162321
88162722
88162026
88161118
88160414
88162121
88160127
88161720
88164214
88164011
88160912
88161212
88163731
88163519
88160422
88163124
88162035
88160526
88161423
88162633
88162931
88161426
88164229
88160927
88160726
88163322
88163323
88161122
88161927
88163921
88160325
88164323
88163125
88162632
88162232
88161928
88160326
88163126
88161036
88162326
88163740
88160624
88162732
88163823
88160328
88163033
88161123
88160226
88160527
88162230
88161632
88160529
88161425
88163738
88160625
88163525
88162527
88164231
88163739
88164024
88160421
88161530
88160727
88163228
88161034
88160622
88163922
88163032
88161037
88162927
88161121
88164325
88163736
88163737
88160525
88160926
88162731
88161730
88162231
88161035
88163035
88161633
88162125
88163923
88160327
88164122
88163822
88162428
88163031
88162824
88161731
88161332
88164230
88163524
88164324
88163319
88162930
88161124
88161635
88160227
88160225
88163320
88160623
88160930
88162036
88160626
88160420
88161634
88162037
88160131
88161328
88162124
88162928
88162825
88161331
88161733
88163229
88160132
88160224
88160827
88164322
88163735
88161329
88161732
88160929
88163230
88164120
88163615
88163321
88162826
88163824
88164121
88162427
88160528
88161330
88163034
88163526
88164025
88160133
88162233
88161424
88161222
88160928
88162631
88163427
88162929
88161827
88164321
88162229
88163424
88160222
88161628
88161001
88160501
88163001
88162227
88162032
88160724
88162925
88164327
88163121
88161824
88160821
88162626
88163245
88163935
88164337
88160440
88164138
88163225
88160919
88161626
88163119
88161721
88160321
88161808
88162008
88162507
88161103
88162506
88162607
88160904
88161219
88160320
88164314
88160507
88161231
88160238
88163836
88163425
88164309
88161111
88163909
88160709
88160405
88162308
88160908
88162213
88162212
88160125
88164018
88160216
88161218
88160319
88163728
88162116
88162223
88163816
88161024
88163729
88163529
88161531
88161341
88163805
88163710
88160627
88160729
88160933
88163828
88160610
88163716
88161109
88163809
88160112
88164212
88161208
88160308
88160609
88162805
88161611
88163910
88162614
88163715
88162806
88160511
88163808
88160633
88161543
88162033
88161922
88161030
88163918
88161523
88161725
88160823
88164226
88161917
88163312
88162522
88162611
88162408
88161606
88163210
88164304
88162523
88162419
88162418
88161904
88164210
88162908
88161608
88163709
88161509
88162307
88164207
88162010
88160304
88162103
88160708
88162215
88161913
88161613
88164010
88164213
88160911
88161710
88163510
88162411
88161015
88160211
88160910
88162617
88162809
88164110
88163309
88163911
88161709
88162313
88162109
88160901
88163101
88160503
88160801
88162602
88163902
88164001
88162801
88161201
88161302
88161002
88162301
88160934
88161338
88162333
88164234
88160533
88160532
88160531
88162137
88161933
88161741
88163431
88161340
88161743
88161742
88161129
88161128
88161542
88163042
88163137
88162924
88163224
88161325
88160905
88163402
88164204
88163509
88160628
88162533
88160135
88163617
88161430
88162136
88163133
88162042
88160426
88161641
88160230
88163618
88161429
88161041
88162821
88160323
88163037
88163925
88162832
88161639
88164124
88163429
88160829
88160228
88162831
88163741
88163531
88163742
88160425
88163532
88162830
88160530
88164021
88164307
88163713
88160608
88162901
88162912
88161512
88161910
88160513
88163013
88161211
88162214
88163719
88164009
88161315
88164308
88161612
88162947
88161546
88160837
88162842
88162538
88160239
88164134
88161547
88160436
88164333
88160435
88161646
88162642
88164034
88161837
88163929
88162348
88163243
88163537
88164136
88161944
88164033
88163838
88162739
88162738
88161943
88161048
88163928
88163142
88162144
88162438
88163336
88164135
88160338
88160339
88163538
88162439
88163044
88160637
88163335
88163244
88160838
88163837
88163325
88164108
88163512
88160106
88163207
88163804
88162134
88162039
88162530
88160820
88163818
88163120
88164317
88162525
88161420
88161627
88161419
88162524
88164224
88164339
88163760
88160840
88161653
88162242
88162110
88163432
88163930
88162047
88164137
88163337
88161647
88161749
88163143
88162948
88161207
88161909
88160814
88162911
88162309
88161907
88161010
88161810
88160208
88160813
88161409
88164007
88163213
88162709
88163106
88162011
88160212
88164013
88164012
88161614
88162914
88161812
88160613
88160614
88162513
88163408
88161838
88161131
88163839
88161648
88162145
88163045
88162029
88160520
88163025
88161326
88163917
88163316
88163520
88162723
88160218
88160918
88160721
88161522
88162724
88161918
88162027
88162122
88162627
88161934
88163830
88163024
88160124
88160519
88163324
88161125
88162628
88163422
88160121
88162222
88162221
88163417
88161624
88164312
88162921
88164313
88163115
88162622
88162317
88163612
88163613
88161023
88161417
88160915
88163311
88164114
88164115
88161416
88161702
88160101
88161604
88160803
88160202
88160809
88161203
88161505
88162605
88162202
88163004
88160205
88162703
88163205
88163702
88162404
88160804
88160805
88160303
88160810
88162505
88162701
88163905
88162503
88160402
88163502
88162702
88162704
88161805
88161403
88161806
88160302
88160103
88162304
88162004
88162705
88164102
88163203
88162405
88161902
88160604
88161503
88162006
88160705
88161504
88163302
88160704
88160706
88161204
88160505
88161502
88162303
88162007
88163503
88160807
88163701
88163005
88162406
88161804
88162403
88161005
88163103
88160102
88163704
88164203
88164104
88162005
88163301
88161404
88162802
88160808
88160603
88164003
88163802
88160703
88163703
88163801
88160204
88163204
88161004
88160504
88162604
88162504
88160203
88164303
88163303
88161903
88161807
88160605
88163206
88163904
88164103
88163401
88163803
88161603
88160903
88161402
88160806
88162822
88164320
88160924
88162810
88163214
88160512
88164215
88163527
88163825
88161511
88161311
88162014
88163406
88163506
88162613
88161908
88161638
88162636
88163714
88162909
88161906
88161905
88161107
88163212
88161009
88163010
88162612
88160307
88162910
88160109
88160110
88162013
88161309
88160306
88163009
88164107
88160207
88163105
88163806
88160231
88162534
88161028
88163518
88164221
88160518
88162623
88161117
88161519
88163221
88160122
88162225
88162024
88163419
88160413
88160618
88163222
88161323
88164017
88160718
88163116
88162118
88161324
88163916
88163915
88161719
88162720
88161025
88163418
88164006
88164306
88161307
88163603
88163708
88163505
88160907
88164005
88160403
88162206
88160108
88162410
88161705
88161408
88161008
88162207
88162708
88160509
88162510
88162907
88162106
88164232
88162126
88162827
88161636
88161929
88164233
88162932
88162528
88163528
88163727
88162115
88162621
88163815
88161821
88163501
88164201
88164202
88163107
88161110
88162712
88163810
88162312
88161314
88161209
88161912
88160711
88161210
88160816
88160611
88163717
88162015
88162512
88161012
88160815
88164008
88161707
88162807
88160310
88160710
88161911
88160309
88160113
88163718
88161514
88161513
88161811
88163307
88163507
88162016
88162520
88161116
88162316
88163211
88160404
88161308
88162209
88161510
88163908
88163711
06160306
06160314
06160329
06160405
06160204
06160303
06160109
06160308
06160307
06160106
06160107
06160108
06160404
06160302
06160304
06160313
06160408
06160116
06160420
06160418
06160320
06160124
06160419
06160319
06160422
06160309
06160206
06160111
06160406
06160123
06160117
06160402
06160218
06160210
06160411
06160315
06160209
06160208
06160413
06160118
06160412
06160410
06160119
06160127
06160129
06160128
06160205
06160428
06160321
06160305
06160113
06160310
06160112
06160407
06160207
06160311
06160115
06160114
06160312
06160416
06160122
06160126
06160427
06160409
06160322
06160220
06160328
06160219
06160201
06160401
06160104
06160202
06160102
06160103
06160301
06160403
06160426
06160131
06160326
06160417
06160214
06160327
06160132
06160324
06160323
06160203
06160105
06160121
06160421
06160125
06160216
06160414
06160318
06160120
06160317
06160316
06160212
06160415
06160211
06160425
06160215
06160325
06160330
06160423
06160217
06160130
06160424
22160802
22160801
22161901
22161001
22160708
22160313
22160513
22160902
22160901
22160501
22160619
22160720
22161019
22160316
22161018
22160127
22160329
22160731
22160828
22161031
22160632
22160335
22160545
22160908
22160735
22160807
22160509
22160810
22160112
22161908
22160113
22160608
22160910
22160704
22160812
22160115
22161012
22160911
22160114
22160912
22160609
22160913
22160116
22160514
22160811
22160907
22161011
22160307
22161009
22161007
22160107
22160702
22161010
22160109
22160604
22160508
22160510
22161906
22160125
22161912
22160217
22160717
22160714
22160719
22160216
22160716
22161017
22160123
22160718
22160126
22160715
22160917
22160124
22160925
22160229
22160142
22160924
22160140
22160330
22160141
22161027
22160732
22160230
22160631
22160143
22160331
22160528
22160926
22160235
22160234
22160333
22160205
22160149
22160538
22160738
22160146
22160928
22160830
22160829
22160813
22160207
22160707
22160614
22161028
22160826
22160630
22160730
22160705
22160529
22160505
22160701
22160905
22160506
22161033
22161904
22160305
22160204
22160228
22161907
22161036
22160546
22160152
22160318
22161913
22160919
22161914
22160622
22160722
22160129
22160221
22160621
22160319
22161915
22160520
22160320
22160223
22160723
22160222
22161916
22160521
22160822
22161022
22160321
22160220
22160823
22160519
22160724
22160518
22160130
22160623
22161023
22160831
22160737
22160634
22160337
22160930
22160336
22160537
22160931
22160639
22160144
22160734
22161005
22160145
22160821
22160232
22160334
22160341
22160836
22160835
22160306
22160808
22160909
22160511
22160606
22160607
22160110
22160809
22160605
22160512
22160709
22160815
22160515
22161014
22161016
22160712
22160914
22160122
22160816
22161911
22160711
22160915
22160314
22160120
22160210
22161015
22161910
22160818
22160817
22160121
22160615
22160819
22160209
22160211
22160710
22160212
22160820
22160616
22160315
22160213
22160916
22160713
22160617
22160728
22160327
22160328
22160922
22160629
22160239
22160240
22160933
22160548
22160923
22160610
22160308
22160721
22160517
22160620
22160128
22160516
22160742
22160346
22160803
22160601
22161004
22160104
22160302
22160103
22160102
22161002
22161902
22160503
22160504
22160202
22160904
22161903
22160602
22160105
22160903
22161003
22160301
22160304
22160806
22160804
22160303
22160106
22160906
22160703
22160342
22160934
22160108
22160533
22160936
22161034
22160935
22160838
22160227
22160729
22160526
22160938
22160932
22160547
22160215
22160214
22161030
22161006
22160203
22160118
22160119
22160814
22160921
22160727
22160525
22160332
22160544
22161926
22160344
22160839
22161927
22160343
22160740
22160937
22160743
22160929
22160147
22160534
22160741
22160840
22160309
22161909
22160117
22160206
22160613
22160310
22160612
22160706
22161928
22160638
22160345
22160244
22160603
22160241
22160530
22161029
22160927
22161021
22160311
22160137
22160618
22161921
22161922
22160317
22160918
22160218
22160219
22161020
22160733
22160827
22160833
22160338
22160339
22160527
22160138
22160139
22161923
22160231
22160736
22160531
22160148
22161032
22160233
22160312
22161025
22160131
22160725
22160624
22161024
22160625
22160224
22160626
22161026
22160726
22161919
22160133
22161918
22160523
22160324
22160824
22160134
22160326
22160627
22160136
22160522
22160132
22160226
22160628
22160524
22160825
22161920
22160322
22160323
22160225
22161917
22160135
22160325
22160236
22160834
22160541
22160542
22160242
22161035
22160637
22160535
22160633
22160536
22160532
22161924
22160201
22160101
22160832
22160540
22160539
22160636
22160549
22160841
22160243
22161013
22160208
22160543
22160340
22161925
22160150
22160237
22161905
22161008
22160238
22160837
26160301
26160107
26160104
26160119
26160323
26160229
26160230
26160108
26160313
26160109
26160110
26160130
26160330
26160209
26160311
26160219
26160218
26160220
26160118
26160225
26160226
26160232
26160125
26160213
26160214
26160127
26160111
26160120
26160325
26160221
26160326
26160327
26160334
26160236
26160105
26160233
26160206
26160312
26160316
26160317
26160216
26160115
26160116
26160318
26160117
26160320
26160319
26160217
26160321
26160322
26160329
26160224
26160227
26160308
26160212
26160314
26160324
26160337
26160207
26160113
26160202
26160101
26160205
26160103
26160305
26160203
26160306
26160102
26160307
26160204
26160309
26160208
26160106
26160210
26160112
26160335
26160234
26160135
26160134
26160131
26160310
26160215
26160114
26160336
26160332
26160315
26160235
26160333
26160128
26160328
26160126
26160129
26160231
26160133
26160331
26160228
26160211
26160121
26160222
26160122
26160223
26160124
26160123
26160136
26160132
26160303
26160302
26160201
26160304
25160101
25160113
25160107
25160124
25160123
25160125
25160139
25160115
25160114
25160116
25160133
25160102
25160110
25160111
25160122
25160148
25160144
25160117
25160109
25160153
25160127
25160126
25160128
25160145
25160131
25160118
25160119
25160120
25160121
25160142
25160106
25160105
25160103
25160104
25160112
25160159
25160136
25160135
25160154
25160155
25160156
25160140
25160141
25160143
25160134
25160108
25160132
25160138
25160137
25160129
25160130
25160146
25160147
25160160
25160157
25160149
25160151
25160150
25160158
25160152