31131005
31134007
31134003
31131013
31131007
31134001
31131006
31135004
31135005
31135003
31131004
31131001
31131003
31131002
31131009
31134005
30131079
30135112
30131191
30135081
30131001
30135063
30131144
30135078
30135020
30135151
30135198
30135014
30135166
30135184
30135177
30131184
30135194
30135005
30135199
30135040
30135069
30130114
30131189
30135061
30135047
30135006
30135171
30131020
30130080
30135036
30131043
30131041
30135130
30135172
30131054
30135179
30135255
30135190
30135126
24130114
30135115
30135049
30135149
24130117
30135057
30135042
30135187
30131194
24130116
30131147
30135155
30135089
30135105
30135148
30135139
24130103
30135060
30131050
30135043
30131130
30135071
24130110
30130043
30135142
30135004
30135024
30135104
30135157
30135030
30131046
30135073
30135080
30131174
30131004
30131016
24130120
30135088
30135079
30131077
30135191
30135245
30135129
30135058
30135219
30135176
24130111
30135204
30135178
30130046
30135001
30131172
30131192
30135162
30135099
30135216
30130026
30135121
30135018
30130038
30135196
30135029
30135056
24130102
30130077
30131085
30131019
30131148
30135092
30130122
30135114
30131008
30135110
30135109
30131161
30131045
30131208
24130105
30135133
30131055
30131052
30135182
30135203
30131137
30135160
24130104
30135140
30135107
30130158
30135035
30135082
24130108
24130106
30135128
30135055
24130107
30135170
30135212
30135119
30135059
30131042
30135132
30135135
30130081
30135016
30135164
30131134
30131091
30135120
30135102
24130119
30135185
30131146
30135197
30135143
30131068
30135214
30135192
30131071
30131242
24130109
30135023
30135009
30135045
30135019
30130068
30130036
30131024
30131080
30135220
30131155
24130123
30135159
30135117
30131196
30135051
30135165
30135101
30135010
30135003
30135209
30135002
30135217
30135168
30135087
30135052
30135189
30135137
30135075
30135124
30135158
30131083
30135100
30131069
30131086
30131154
30135032
30135174
30130040
30135146
30131088
30135134
30135195
30135086
30135144
30135072
30131095
30135097
30135141
30135015
30135091
30135173
30135205
30135145
30135154
30135208
30131059
30135218
30135034
30131040
30131100
30135113
30135181
24130124
30135090
30130087
30135207
30135202
30135064
30135186
30131021
30135028
30135193
30135125
30135156
30131188
24130112
30135221
30135200
30135169
30135076
30135033
30135037
30135175
30135138
30131060
30135066
30135050
30135249
30135131
30135222
24130121
30135244
24130127
30130041
24130125
30135248
30135147
30130118
30135103
30135085
30135108
30135123
30135152
30135167
24130115
30131061
30131152
30135116
30135031
30135067
30131067
30135206
30135048
30131224
30131139
30131167
30130160
30131198
30131010
30130061
30131087
30135223
30135106
30135022
30131164
30131034
30135074
30131221
30131199
30131007
30131163
30131135
24130113
30131098
30131132
30130108
30131159
30131035
30131082
30135127
30131173
30135070
30130035
30131081
30135252
30135254
30135163
30131057
30135183
30135188
30135246
30130069
30131056
30135211
30135062
30135215
30135210
24130122
30131076
30131037
24130126
30135153
30135084
30135011
30131005
24130101
30135122
30131044
30135053
30131140
30135077
30135136
30131009
30131053
30131157
30135251
30135180
24130118
31134002
01130601
01130101
01130701
01130713
01130111
01130614
01130528
01130714
01130207
01130308
01130309
01130109
01130108
01130208
01130310
01130709
01130605
01130410
01130409
01130209
01130306
01130224
01130404
01130305
01130316
01130406
01130504
01130107
01130505
01130708
01130307
01130110
01130712
01130510
01130421
01130610
01130608
01130609
01130116
01130424
01130521
01130519
01130322
01130211
01130212
01130611
01130517
01130513
01130318
01130106
01130226
01130619
01130230
01130514
01130217
01130606
01130715
01130415
01130113
01130607
01130114
01130515
01130218
01130416
01130120
01130427
01130319
01130718
01130529
01130117
01130414
01130231
01130232
01130428
01130206
01130506
01130408
01130407
01130604
01130509
01130311
01130508
01130412
01130214
01130413
01130215
01130213
01130312
01130313
01130716
01130323
01130223
01130615
01130411
01130112
01130512
01130511
01130216
01130717
01130228
01130526
01130235
01130502
01130301
01130201
01130402
01130104
01130703
01130503
01130302
01130702
01130707
01130704
01130706
01130401
01130705
01130103
01130203
01130105
01130403
01130303
01130204
01130405
01130603
01130720
01130205
01130507
01130429
01130711
01130612
01130613
01130222
01130233
01130620
01130527
01130520
01130719
01130525
01130210
01130710
01130430
01130234
01130118
01130518
01130422
01130423
01130602
01130225
01130317
01130227
01130616
01130229
01130522
01130219
01130314
01130417
01130419
01130115
01130420
01130516
01130315
01130221
01130220
01130418
01130617
01130324
01130425
01130426
01130119
01130501
01130102
01130320
01130530
01130523
01130524
01130121
01130618
01130304
05130210
05130201
05130303
05130308
05130507
05130409
05130309
05130219
05130218
05130126
05130434
05130333
05130133
05130404
05130305
05130405
05130310
05130410
05130311
05130208
05130105
05130104
05130504
05130403
05130505
05130207
05130406
05130416
05130217
05130228
05130123
05130423
05130124
05130422
05130122
05130325
05130517
05130232
05130330
05130530
05130327
05130522
05130523
05130326
05130127
05130107
05130108
05130314
05130313
05130137
05130120
05130417
05130121
05130233
05130436
05130116
05130220
05130117
05130318
05130221
05130319
05130510
05130115
05130418
05130317
05130421
05130526
05130231
05130527
05130329
05130535
05130304
05130402
05130335
05130307
05130506
05130407
05130306
05130408
05130212
05130211
05130315
05130508
05130111
05130110
05130113
05130214
05130412
05130112
05130213
05130411
05130109
05130216
05130414
05130215
05130413
05130114
05130415
05130316
05130119
05130227
05130516
05130331
05130433
05130514
05130509
05130531
05130203
05130103
05130401
05130301
05130202
05130204
05130501
05130136
05130205
05130502
05130102
05130206
05130302
05130503
05130521
05130132
05130435
05130336
05130324
05130426
05130520
05130230
05130515
05130131
05130235
05130135
05130128
05130427
05130534
05130312
05130106
05130234
05130425
05130229
05130125
05130424
05130519
05130533
05130518
05130528
05130431
05130529
05130429
05130525
05130134
05130222
05130320
05130223
05130321
05130419
05130118
05130224
05130511
05130512
05130225
05130323
05130322
05130420
05130513
05130226
05130524
05130428
05130328
05130101
05130430
05130129
05130130
05130536
05130334
05130532
05130332
05130209
05130432
02130301
02130102
02130203
02130413
02130442
02130221
02130204
02130409
02130205
02130308
02130415
02130414
02130109
02130206
02130106
02130217
02130320
02130319
02130101
02130408
02130407
02130213
02130214
02130311
02130212
02130122
02130219
02130417
02130418
02130439
02130416
02130428
02130436
02130126
02130452
02130328
02130113
02130429
02130114
02130216
02130430
02130215
02130314
02130315
02130431
02130115
02130313
02130225
02130326
02130446
02130447
02130222
02130124
02130448
02130107
02130306
02130406
02130437
02130451
02130307
02130410
02130412
02130411
02130108
02130111
02130209
02130210
02130421
02130419
02130420
02130208
02130422
02130423
02130424
02130435
02130317
02130426
02130427
02130112
02130131
02130132
02130330
02130443
02130104
02130303
02130202
02130403
02130405
02130103
02130304
02130404
02130305
02130402
02130105
02130309
02130129
02130458
02130110
02130130
02130444
02130211
02130434
02130316
02130226
02130227
02130455
02130331
02130327
02130460
02130459
02130229
02130228
02130440
02130441
02130220
02130425
02130121
02130318
02130438
02130329
02130218
02130123
02130207
02130117
02130116
02130432
02130118
02130119
02130433
02130457
02130456
02130322
02130445
02130201
02130302
02130401
02130323
02130461
02130230
02130450
02130125
02130449
02130324
02130325
02130224
02130223
15130501
15130201
15130615
15130601
15130401
15130105
15130507
15130418
15130319
15130122
15130636
15130224
15130506
15130306
15130527
15130211
15130111
15130110
15130309
15130113
15130616
15130308
15130509
15130112
15130510
15130305
15130409
15130505
15130206
15130402
15130103
15130104
15130307
15130410
15130121
15130416
15130318
15130623
15130417
15130317
15130120
15130516
15130131
15130331
15130633
15130222
15130428
15130130
15130132
15130223
15130141
15130437
15130336
15130335
15130332
15130529
15130205
15130102
15130511
15130512
15130212
15130618
15130426
15130330
15130419
15130625
15130420
15130123
15130310
15130406
15130411
15130210
15130343
15130143
15130215
15130124
15130322
15130421
15130627
15130216
15130125
15130520
15130126
15130626
15130521
15130646
15130639
15130640
15130526
15130138
15130537
15130651
15130610
15130637
15130129
15130434
15130435
15130145
15130107
15130613
15130614
15130106
15130109
15130208
15130209
15130612
15130207
15130108
15130413
15130620
15130116
15130619
15130115
15130313
15130621
15130117
15130514
15130513
15130314
15130119
15130118
15130622
15130515
15130213
15130214
15130315
15130316
15130414
15130415
15130631
15130630
15130219
15130142
15130139
15130114
15130412
15130624
15130321
15130519
15130518
15130320
15130517
15130528
15130643
15130642
15130502
15130202
15130302
15130203
15130503
15130405
15130605
15130604
15130404
15130504
15130609
15130603
15130606
15130303
15130204
15130607
15130608
15130134
15130611
15130408
15130407
15130524
15130440
15130231
15130425
15130523
15130635
15130430
15130312
15130128
15130144
15130647
15130533
15130438
15130229
15130230
15130536
15130346
15130147
15130232
15130334
15130135
15130638
15130431
15130617
15130433
15130644
15130649
15130345
15130146
15130311
15130333
15130525
15130429
15130634
15130650
15130508
15130140
15130226
15130220
15130427
15130221
15130632
15130133
15130148
15130422
15130628
15130327
15130218
15130629
15130328
15130522
15130424
15130127
15130323
15130217
15130423
15130325
15130326
15130324
15130329
15130339
15130535
15130228
15130439
15130534
15130648
15130344
15130136
15130432
15130337
15130137
15130101
15130403
15130602
15130301
15130225
15130641
15130338
15130227
15130340
15130645
15130530
15130531
15130341
91131611
15130342
15130532
15130436
17130122
17130108
17130113
17130111
17130112
17130203
17130114
17130115
17130106
17130107
17130404
17130121
17130417
17130131
17130140
17130212
17130119
17130410
17130405
17130413
17130415
17130423
17130214
17130402
17130128
17130127
17130126
17130207
17130208
17130425
17130129
17130138
17130137
17130408
17130422
17130110
17130421
17130120
17130424
17130206
17130124
17130406
17130125
17130213
17130201
17130416
17130105
17130202
17130104
17130103
80131601
17130418
17130116
17130411
17130135
17130407
17130215
17130146
17130136
17130204
17130118
17130117
17130401
17130144
17130143
17130123
17130133
17130132
17130419
17130420
17130109
17130412
17130205
17130209
17130210
17130211
17130403
80131602
17130130
17130141
17130414
17130145
17130409
17130147
17130101
17130102
17130134
80131603
17130139
17130142
04130309
04130507
04130501
04130213
04130328
04130110
04130111
04130306
04130112
04130305
04130404
04130206
04130401
04130502
04130105
04130107
04130106
04130503
04130406
04130211
04130415
04130114
04130212
04130426
04130124
04130218
04130203
04130308
04130405
04130104
04130430
04130121
04130407
04130508
04130225
04130520
04130116
04130417
04130315
04130316
04130416
04130214
04130419
04130418
04130420
04130222
04130125
04130516
04130221
04130403
04130303
04130512
04130127
04130326
04130109
04130207
04130108
04130304
04130410
04130310
04130411
04130505
04130504
04130209
04130506
04130412
04130311
04130312
04130313
04130210
04130414
04130413
04130119
04130319
04130307
04130509
04130102
04130301
04130302
04130201
04130103
04130101
04130202
04130409
04130327
04130408
04130123
04130428
04130219
04130224
04130120
04130216
04130314
04130331
04130321
04130208
04130113
04130513
04130220
04130128
04130427
04130122
04130204
04130115
04130217
04130320
04130324
04130515
04130422
04130421
04130118
04130117
04130318
04130215
04130425
04130317
04130424
04130423
04130510
04130511
04130126
04130223
04130322
04130323
04130514
04130330
04130402
04130518
04130519
04130325
04130429
18130101
18130132
18130109
18130110
18130119
18130135
18130134
18130106
18130136
18130139
18130120
18130133
18130137
18130108
18130111
18130112
18130114
18130115
18130113
18130130
18130131
18130138
18130116
18130140
18130104
18130103
18130105
18130107
18130117
18130127
18130128
18130129
18130141
18130118
18130121
18130124
18130122
18130123
18130125
18130126
18130102
03130101
03130223
03130222
03130255
03130121
03130106
03130215
03130216
03130105
03130214
03130104
03130103
03130210
03130209
03130211
03130311
03130115
03130312
03130317
03130122
03130264
03130252
03130250
03130218
03130310
03130219
03130318
03130319
03130313
03130244
03130204
03130231
03130117
03130118
03130315
03130232
03130314
03130233
03130256
03130324
03130123
03130125
03130267
03130213
03130308
03130307
03130212
03130112
03130227
03130226
03130111
03130225
03130113
03130228
03130257
03130306
03130305
03130217
03130116
03130278
03130280
03130303
03130304
03130302
03130102
03130201
03130202
03130203
03130207
03130268
03130205
03130107
03130249
03130274
03130129
03130269
03130277
03130114
03130229
03130124
03130320
03130224
03130241
03130266
03130270
03130273
03130271
03130272
03130128
03130131
03130276
03130281
03130251
03130130
03130275
03130309
03130108
03130109
03130110
03130221
03130127
03130246
03130245
03130248
03130247
03130208
03130230
03130240
03130242
03130243
03130321
03130262
03130261
03130236
03130120
03130235
03130234
03130119
03130239
03130238
03130316
03130237
03130263
03130254
03130253
03130132
03130279
03130126
03130301
03130258
03130259
03130260
03130220
03130265
03130206
14130601
14130114
14130107
14130602
14130119
14130120
14130409
14130509
14130416
14130215
14130203
14130110
14130310
14130308
14130309
14130111
14130109
14130502
14130205
14130504
14130605
14130210
14130610
14130609
14130314
14130508
14130209
14130326
14130127
14130213
14130324
14130325
14130414
14130415
14130516
14130515
14130617
14130131
14130333
14130113
14130407
14130322
14130511
14130510
14130105
14130341
14130202
14130307
14130528
14130512
14130513
14130318
14130613
14130410
14130514
14130319
14130612
14130320
14130522
14130337
14130523
14130348
14130128
14130328
14130304
14130216
14130336
14130340
14130135
14130108
14130505
14130204
14130116
14130117
14130207
14130311
14130208
14130507
14130506
14130313
14130608
14130408
14130607
14130118
14130332
14130526
14130417
14130221
14130303
14130206
14130112
14130121
14130317
14130611
14130620
14130405
14130604
14130201
14130404
14130101
14130104
14130403
14130402
14130302
14130103
14130603
14130102
14130501
14130406
14130503
14130217
14130420
14130345
14130126
14130138
14130334
14130616
14130330
14130331
14130517
14130137
14130115
14130413
14130615
14130419
14130618
14130342
14130134
14130527
14130133
14130132
14130136
14130621
14130606
14130421
14130346
14130130
14130129
14130305
14130412
14130327
14130329
14130347
14130323
14130518
14130214
14130220
14130521
14130218
14130520
14130219
14130316
14130349
14130122
14130125
14130212
14130321
14130411
14130614
14130211
14130123
14130525
14130619
14130139
14130343
14130519
14130335
14130301
14130401
14130338
14130222
14130339
14130418
14130106
11130101
11130102
11130114
11130103
11130109
11130115
11130606
11130508
11130136
11130140
11130151
11130207
11130208
11130205
11130204
11130203
11130112
11130601
11130121
11130133
11130614
11130218
11130408
11130117
11130402
11130507
11130202
11130308
11130621
11130111
11130146
11130124
11130608
11130610
11130609
11130611
11130126
11130306
11130405
11130305
11130127
11130129
11130125
11130128
11130219
11130141
11130615
11130310
11130110
11130145
11130501
11130113
11130401
11130211
11130603
11130210
11130119
11130303
11130604
11130403
11130120
11130605
11130131
11130142
11130304
11130123
11130122
11130137
11130623
11130150
11130201
11130105
11130104
11130107
11130108
11130106
11130509
11130504
11130505
11130132
11130212
11130404
11130407
11130215
11130214
11130118
11130220
11130147
11130138
11130221
11130116
11130209
11130607
11130213
11130622
11130206
11130301
11130302
11130503
11130135
11130617
11130217
11130144
11130307
11130139
11130602
11130502
11130130
11130613
11130612
11130406
11130148
11130149
11130134
11130216
11130309
11130143
11130616
11130152
11130618
11130620
11130619
12131301
12130201
12130801
12130802
12130911
12130919
12130808
12130901
12130101
12130105
12130807
12130811
12130228
12131303
12130108
12130229
12130120
12130711
12130263
12130208
12130912
12130915
12131302
12131402
12130703
12130916
12130211
12130212
12130705
12130702
12130210
12130704
12130906
12130907
12130909
12130206
12130910
12130908
12131401
12130925
12130107
12130926
12130227
12130226
12131404
12130939
12130940
12130941
12130942
12130241
12130943
12130262
12131407
12130821
12130820
12130251
12130957
12130956
12130955
12130214
12130215
12130928
12130814
12130110
12131304
12130946
12130258
12130963
12130202
12130111
12130233
12130930
12130816
12130230
12130929
12130231
12130232
12130234
12131305
12130932
12130817
12130815
12130931
12131306
12130112
12130974
12130967
12131311
12130252
12130959
12130823
12130960
12130124
12130830
12130954
12131310
12130825
12130122
12130913
12130209
12130806
12130914
12130707
12130706
12130218
12130220
12130920
12130216
12130219
12130708
12130809
12130221
12130267
12130223
12130106
12130923
12130922
12130921
12130222
12130224
12130118
12130938
12130937
12130828
12130117
12130245
12130119
12130253
12130961
12130917
12130918
12130812
12130927
12130813
12130829
12130123
12130902
12130804
12130903
12130803
12130102
12130204
12130203
12130205
12130103
12130701
12130805
12130904
12130207
12130966
12131403
12130246
12130249
12130254
12131406
12130225
12130810
12130953
12130951
12130952
12130819
12130240
12130968
12130259
12130970
12130713
12130260
12130971
12130969
12130972
12130976
12130831
12130265
12130247
12130958
12130213
12130250
12131405
12130947
12130818
12130243
12130950
12130242
12130949
12130710
12130948
12130905
12130104
12130116
12130936
12130109
12130945
12130944
12130824
12131308
12131309
12130256
14130524
12131409
12130248
12130244
12130237
12130236
12130235
12130113
12130114
12130238
12130239
12130933
12130934
12130935
12130964
12130975
12130827
12130973
12131410
12130261
12130822
12130121
12130255
12130962
12131408
12130977
12130965
12130257
12131313
12130264
12130826
12130712
13130301
13130401
13130204
13130306
13130110
13130309
13130209
13130310
13130311
13130308
13130305
13130108
13130107
13130115
13130417
13130122
13130130
13130129
13130335
13130420
13130419
13130331
13130206
13130111
13130222
13130132
13130109
13130317
13130213
13130409
13130117
13130411
13130412
13130318
13130216
13130215
13130118
13130410
13130214
80131604
13130423
13130125
13130127
13130424
13130126
13130330
13130237
13130221
13130205
13130313
13130235
13130426
13130208
13130207
13130307
13130406
13130210
13130112
13130211
13130212
13130114
13130312
13130407
13130322
13130121
13130225
13130133
13130428
13130124
13130316
13130116
13130236
13130403
13130202
13130201
13130103
13130303
13130104
13130101
13130102
13130203
13130402
13130105
13130302
13130134
13130106
13130405
13130404
13130135
13130324
13130137
13130422
13130224
13130329
13130233
13130332
13130337
13130427
13130336
13130408
13130314
13130421
13130328
13130223
13130123
13130321
13130315
13130323
13130327
13130418
13130230
13130334
13130325
13130226
13130319
13130413
13130414
13130320
13130415
13130138
13130119
13130120
13130220
13130416
13130304
13130234
13130333
13130227
13130228
13130229
13130128
13130425
13130429
13130136
13130131
13130232
19130101
19130201
19130308
19130121
19130212
19130108
19130114
19130126
19130110
19130306
19130305
19130208
19130115
19130116
19130109
19130204
19130107
19130106
19130206
19130205
19130111
19130125
19130124
19130311
19130215
19130319
19130138
19130223
19130328
19130323
19130210
19130118
19130211
19130119
19130140
19130217
19130209
19130141
19130203
19130227
19130151
19130139
19130128
19130314
19130130
19130129
19130131
19130132
19130313
19130133
19130316
19130315
19130152
19130146
19130327
19130147
19130221
19130326
19130330
19130303
19130302
19130113
19130112
19130304
19130207
19130213
19130309
19130122
19130310
19130123
19130136
19130220
19130318
19130127
19130312
19130231
19130102
19130104
19130103
19130202
19130329
19130120
19130137
19130214
19130218
19130105
19130230
19130156
19130155
19130144
19130307
19130143
19130324
19130219
19130224
19130228
19130321
19130320
19130142
19130301
19130325
19130154
19130322
19130216
19130134
19130135
19130317
19130153
19130145
19130148
19130222
19130149
19130157
19130229
19130150
19130225
19130226
19130117
07130403
07130401
07130402
07130410
07130301
07130501
07130505
07130209
07130110
07130117
07130323
07130324
07130305
07130306
07130406
07130111
07130307
07130103
07130508
07130308
07130304
07130312
07130313
07130417
07130109
07130418
07130316
07130315
07130317
07130423
07130115
07130425
07130531
07130426
07130218
07130222
07130318
07130319
07130221
07130408
07130409
07130407
07130509
07130212
07130203
07130204
07130514
07130516
07130513
07130214
07130113
07130213
07130215
07130519
07130518
07130515
07130517
07130328
07130327
07130326
07130325
07130120
07130202
07130506
07130533
07130536
07130411
07130105
07130205
07130107
07130413
07130511
07130106
07130310
07130412
07130414
07130206
07130311
07130207
07130208
07130416
07130415
07130108
07130526
07130210
07130112
07130512
07130211
07130119
07130532
07130503
07130302
07130405
07130303
07130101
07130201
07130404
07130504
07130502
07130507
07130124
07130125
07130118
07130329
07130535
07130534
07130538
07130121
07130529
07130226
07130102
07130104
07130510
07130309
07130537
07130320
07130219
07130424
07130116
07130528
07130220
07130223
07130217
07130114
07130216
07130520
07130420
07130522
07130523
07130419
07130525
07130524
07130421
07130422
07130314
07130521
07130123
07130225
07130427
07130527
07130321
07130530
07130322
07130428
07130122
08130301
08130309
08130212
08130201
08130101
08130102
08130111
08130310
08130112
08130213
08130110
08130223
08130109
08130216
08130215
08130214
08130115
08130114
08130311
08130334
08130208
08130113
08130315
08130222
08130316
08130120
08130317
08130234
08130239
08130345
08130338
08130136
08130117
08130217
08130131
08130132
08130319
08130224
08130308
08130108
08130225
08130124
08130327
08130322
08130127
08130320
08130122
08130126
08130226
08130325
08130228
08130123
08130125
08130128
08130321
08130326
08130227
08130323
08130324
08130142
08130139
08130340
08130134
08130246
08130135
08130106
08130346
08130242
08130210
08130211
08130218
08130314
08130219
08130313
08130119
08130221
08130220
08130339
08130232
08130116
08130318
08130240
08130243
08130203
08130304
08130204
08130105
08130303
08130302
08130305
08130205
08130207
08130202
08130306
08130307
08130206
08130209
08130138
08130145
08130312
08130337
08130333
08130343
08130143
08130342
08130344
08130146
08130244
08130245
08130236
08130336
08130235
08130137
08130118
08130121
08130107
08130335
08130341
08130233
08130133
08130130
08130328
08130129
08130329
08130230
08130332
08130330
08130229
08130231
08130144
08130103
08130104
08130237
08130238
08130140
08130141
08130241
10130301
10130701
10130101
10130409
10130204
10130702
10130408
10130412
10130311
10130205
10130617
10130317
10130912
10130708
10130807
10130431
10130608
10130609
10130810
10130506
10130808
10130505
10130904
10130313
10130809
10130709
10130507
10130314
10130223
10130607
10130312
10130624
10130805
10130707
10130605
10130308
10130411
10130309
10130615
10130215
10130816
10130316
10130420
10130616
10130908
10130424
10130323
10130114
10130322
10130425
10130207
10130429
10130729
10130428
10130427
10130626
10130712
10130612
10130414
10130611
10130613
10130812
10130508
10130727
10130111
10130307
10130109
10130918
10130817
10130732
10130619
10130720
10130718
10130112
10130421
10130423
10130909
10130719
10130721
10130319
10130818
10130722
10130218
10130422
10130232
10130733
10130826
10130520
10130521
10130119
10130913
10130522
10130730
10130629
10130410
10130102
10130438
10130306
10130406
10130728
10130731
10130435
10130434
10130327
10130631
10130103
10130606
10130310
10130903
10130510
10130415
10130906
10130714
10130905
10130509
10130210
10130814
10130715
10130417
10130815
10130416
10130418
10130106
10130813
10130105
10130716
10130713
10130209
10130212
10130213
10130107
10130511
10130211
10130614
10130214
10130108
10130513
10130419
10130512
10130907
10130726
10130821
10130825
10130224
10130623
10130206
10130315
10130413
10130216
10130318
10130618
10130217
10130717
10130919
10130437
10130827
10130920
10130602
10130901
10130403
10130405
10130502
10130603
10130703
10130501
10130706
10130601
10130304
10130803
10130802
10130705
10130402
10130604
10130303
10130704
10130503
10130804
10130404
10130201
10130305
10130203
10130231
10130917
10130627
10130824
10130710
10130225
10130228
10130116
10130324
10130911
10130806
10130407
10130208
10130518
10130118
10130328
10130632
10130523
10130329
10130519
10130610
10130104
10130711
10130516
10130517
10130625
10130910
10130115
10130504
10130202
10130902
10130110
10130426
10130229
10130321
10130226
10130117
10130325
10130822
10130331
10130219
10130514
10130723
10130620
10130820
10130220
10130113
10130221
10130320
10130724
10130725
10130819
10130622
10130621
10130222
10130515
10130330
10130734
10130633
10130227
10130430
10130628
10130401
10130801
10130302
10130914
10130432
10130823
10130326
10130524
10130439
10130233
10130230
10130433
10130630
10130915
10130916
10130120
10130436
09130601
09130514
09130510
09130612
09130309
09130222
09130637
09130638
09130639
09130832
09130643
09130403
09130617
09130420
09130809
09130709
09130515
09130616
09130211
09130107
09130813
09130106
09130210
09130516
09130312
09130808
09130807
09130310
09130829
09130425
09130122
09130207
09130206
09130509
09130507
09130103
09130810
09130615
09130311
09130613
09130819
09130625
09130820
09130408
09130719
09130110
09130525
09130526
09130409
09130410
09130540
09130828
09130324
09130634
09130727
09130230
09130325
09130424
09130635
09130229
09130119
09130237
09130837
09130739
09130833
09130707
09130204
09130314
09130519
09130620
09130815
09130541
09130830
09130233
09130234
09130827
09130306
09130528
09130203
09130329
09130551
09130129
09130610
09130128
09130552
09130332
09130224
09130411
09130415
09130720
09130225
09130721
09130223
09130626
09130115
09130112
09130822
09130113
09130722
09130319
09130529
09130530
09130116
09130317
09130627
09130628
09130412
09130226
09130414
09130413
09130114
09130823
09130318
09130320
09130330
09130547
09130328
09130735
09130242
09130644
09130549
09130736
09130125
09130548
09130124
09130657
09130560
09130431
09130732
09130556
09130209
09130649
09130245
09130511
09130614
09130513
09130713
09130105
09130715
09130812
09130308
09130711
09130714
09130712
09130811
09130512
09130315
09130404
09130816
09130520
09130213
09130405
09130817
09130214
09130521
09130215
09130623
09130109
09130406
09130108
09130622
09130621
09130624
09130523
09130219
09130217
09130220
09130522
09130218
09130407
09130818
09130323
09130539
09130730
09130543
09130327
09130553
09130745
09130706
09130303
09130618
09130517
09130111
09130559
09130401
09130501
09130606
09130604
09130804
09130703
09130605
09130301
09130806
09130801
09130805
09130702
09130201
09130101
09130803
09130503
09130704
09130802
09130302
09130608
09130505
09130607
09130502
09130506
09130202
09130504
09130609
09130238
09130508
09130305
09130208
09130104
09130708
09130611
09130313
09130557
09130331
09130333
09130742
09130839
09130844
09130422
09130423
09130402
09130836
09130524
09130221
09130831
09130123
09130558
09130205
09130212
09130826
09130421
09130236
09130840
09130743
09130841
09130554
09130744
09130650
09130842
09130651
09130130
09130652
09130131
09130249
09130656
09130845
09130641
09130640
09130733
09130734
09130717
09130518
09130814
09130718
09130619
09130316
09130544
09130235
09130542
09130426
09130728
09130729
09130843
09130102
09130304
09130710
09130307
09130821
09130537
09130538
09130527
09130120
09130121
09130636
09130232
09130326
09130244
09130427
09130243
09130731
09130642
09130240
09130241
09130835
09130248
09130716
09130246
09130228
09130227
09130416
09130723
09130531
09130724
09130824
09130629
09130825
09130117
09130726
09130532
09130535
09130633
09130725
09130118
09130417
09130534
09130632
09130321
09130418
09130631
09130533
09130630
09130322
09130536
09130419
09130127
09130838
09130655
09130705
09130430
09130555
09130654
09130247
09130653
09130239
09130545
09130834
09130546
09130603
09130602
09130701
09130737
09130550
09130126
09130645
09130646
09130738
09130334
09130658
09130432
09130231
09130428
09130647
09130740
09130429
09130648
09130741
21130601
21130301
21131001
21130310
21130212
21130319
21130628
21130919
21130629
21130645
21130719
21130341
21130136
21130210
21130311
21130909
21130213
21130312
21131015
21130709
21130710
21130908
21130410
21130107
21130109
21130411
21130108
21130214
21130613
21130608
21130308
21130209
21130307
21130609
21130804
21130208
21131010
21130211
21130316
21130625
21130627
21130918
21130317
21130626
21130115
21131017
21130916
21130917
21130422
21130818
21130325
21130324
21130640
21130228
21130927
21130326
21130717
21130423
21130123
21130229
21130236
21130937
21131034
21130938
21131033
21130720
21130933
21130128
21130329
21131029
21131016
21130111
21130808
21130711
21130215
21130112
21130412
21130124
21130122
21131027
21130223
21131019
21130921
21130641
21130718
21131030
21130637
21131028
21130433
21130104
21131037
21130240
21130928
21130819
21131022
21130117
21130922
21130813
21131025
21130713
21130632
21130320
21130321
21130923
21130414
21131020
21130714
21130225
21130118
21130814
21130631
21130634
21131024
21130119
21130416
21131021
21130633
21130635
21130415
21131023
21130224
21130417
21130120
21130826
21130653
21130332
21130333
21130721
21130823
21130429
21130132
21130334
21130722
21130234
21130440
21130405
21130820
21130304
21130306
21130305
21130127
21130232
21130413
21130331
21131012
21130238
21130135
21130906
21130907
21131013
21130707
21130105
21130612
21130806
21130708
21130409
21131014
21130106
21130315
21130809
21130810
21130712
21130812
21130811
21130620
21130621
21130911
21130910
21130624
21130217
21130218
21130219
21130912
21130622
21130619
21130623
21130618
21130114
21130913
21130914
21130420
21130643
21130644
21130646
21130825
21130723
21130430
21130309
21130313
21130920
21130116
21131018
21130222
21130652
21130438
21130660
21130941
21130140
21130607
21130103
21130617
21130702
21130904
21130203
21131004
21131006
21130602
21130102
21130605
21130401
21130903
21130403
21131005
21130402
21130404
21130206
21130905
21131009
21130704
21130101
21130703
21130205
21131008
21130603
21131007
21130207
21130803
21130705
21130604
21130204
21130407
21130805
21130610
21130611
21130408
21131011
21130406
21130657
21130434
21130435
21130340
21130436
21130658
21130940
21130139
21130113
21130821
21130915
21130126
21130427
21130642
21130314
21130216
21130231
21130725
21130726
21130241
21130138
21130428
21130130
21130437
21130110
21130807
21130615
21130614
21130616
21130237
21130650
21130137
21130659
21130129
21131039
21130930
21130931
21130426
21130125
21130425
21130230
21130221
21130630
21131038
21130318
21130817
21130220
21130424
21130929
21130328
21130327
21130432
21130337
21130133
21130936
21131032
21130336
21130421
21130323
21130639
21130638
21130932
21130131
21130233
21130418
21130322
21130925
21130121
21130419
21130715
21130716
21131026
21130815
21130636
21130816
21130226
21130227
21130926
21130134
21130338
21131041
21130439
21130727
21130606
21130656
21130655
21130339
21130654
21130822
21130330
21130302
21130801
21130802
21130902
21130701
21130901
21130201
21130202
21131003
21130303
21131002
21130934
21130649
21130935
21130235
21130647
21130335
21130431
21130648
21131031
21130141
21130441
21131042
21131040
21131035
21130724
21130824
21130939
21130239
21131036
21130651
20130704
20130201
20130601
20130304
20130606
20130703
20130212
20130509
20130109
20130119
20130420
20130628
20130131
20130630
20130706
20130110
20130510
20130707
20130511
20130609
20130307
20130411
20130705
20130608
20130610
20130527
20130721
20130406
20130107
20130208
20130410
20130506
20130417
20130418
20130419
20130117
20130320
20130722
20130425
20130619
20130126
20130330
20130228
20130727
20130324
20130407
20130612
20130611
20130709
20130114
20130515
20130710
20130711
20130620
20130424
20130618
20130614
20130321
20130726
20130325
20130604
20130729
20130220
20130615
20130421
20130221
20130314
20130523
20130122
20130524
20130123
20130315
20130222
20130716
20130423
20130223
20130433
20130631
20130329
20130533
20130534
20130629
20130730
20130435
20130432
20130136
20130535
20130305
20130210
20130306
20130607
20130211
20130508
20130213
20130308
20130613
20130214
20130215
20130310
20130311
20130216
20130712
20130412
20130517
20130309
20130518
20130516
20130414
20130519
20130413
20130219
20130218
20130713
20130520
20130217
20130115
20130415
20130525
20130426
20130428
20130427
20130132
20130336
20130526
20130416
20130521
20130715
20130522
20130121
20130313
20130725
20130436
20130103
20130602
20130202
20130204
20130101
20130105
20130702
20130505
20130102
20130104
20130301
20130106
20130403
20130502
20130405
20130203
20130503
20130404
20130205
20130504
20130603
20130209
20130507
20130409
20130206
20130302
20130227
20130731
20130235
20130129
20130116
20130714
20130625
20130226
20130627
20130626
20130720
20130319
20130133
20130233
20130134
20130236
20130634
20130530
20130733
20130112
20130708
20130137
20130732
20130326
20130531
20130127
20130621
20130528
20130622
20130623
20130724
20130128
20130529
20130605
20130408
20130108
20130118
20130318
20130312
20130120
20130723
20130225
20130624
20130322
20130632
20130429
20130224
20130323
20130230
20130111
20130512
20130514
20130513
20130113
20130717
20130718
20130316
20130124
20130125
20130616
20130617
20130317
20130719
20130331
20130434
20130135
20130335
20130229
20130328
20130130
20130327
20130532
20130501
20130701
20130402
20130401
20130231
20130536
20130437
20130734
20130332
20130728
20130431
20130333
20130430
20130303
20130207
20130232
16130412
16130501
16130602
16130307
16130208
16130610
16130708
16130611
16130515
16130612
16130323
16130309
16130720
16130432
16130705
16130505
16130506
16130706
16130107
16130504
16130409
16130104
16130604
16130106
16130716
16130305
16130401
16130407
16130704
16130406
16130306
16130408
16130415
16130113
16130416
16130608
16130609
16130607
16130425
16130123
16130122
16130618
16130121
16130714
16130434
16130127
16130620
16130429
16130619
16130509
16130605
16130508
16130411
16130507
16130517
16130516
16130614
16130711
16130315
16130703
16130723
16130210
16130316
16130116
16130518
16130317
16130712
16130418
16130420
16130117
16130713
16130519
16130118
16130421
16130419
16130219
16130531
16130128
16130719
16130218
16130440
16130524
16130717
16130529
16130603
16130105
16130503
16130310
16130311
16130110
16130510
16130511
16130207
16130707
16130512
16130111
16130606
16130513
16130112
16130514
16130413
16130428
16130530
16130534
16130533
16130522
16130322
16130527
16130405
16130108
16130109
16130314
16130613
16130209
16130709
16130417
16130710
16130115
16130222
16130532
16130623
16130132
16130626
16130625
16130404
16130202
16130101
16130205
16130302
16130701
16130304
16130201
16130303
16130203
16130702
16130403
16130204
16130102
16130206
16130502
16130308
16130103
16130129
16130130
16130430
16130312
16130724
16130220
16130131
16130438
16130535
16130223
16130217
16130126
16130410
16130624
16130125
16130523
16130216
16130320
16130124
16130426
16130427
16130414
16130313
16130114
16130214
16130215
16130715
16130616
16130213
16130617
16130321
16130431
16130119
16130318
16130520
16130211
16130521
16130319
16130422
16130615
16130212
16130423
16130424
16130120
16130622
16130621
16130725
16130221
16130525
16130526
16130726
16130601
16130402
16130301
16130718
16130433
16130528
16130324
16130435
16130437
16130436
23130201
23130116
23130304
23130207
23130211
23130212
23130213
23130303
23130111
23130219
23130120
23130220
23130121
23130129
23130231
23130233
23130232
23130309
23130130
23130246
23130313
23130312
23130215
23130114
23130113
23130115
23130126
23130307
23130221
23130248
23130110
23130225
23130223
23130224
23130222
23130142
23130136
23130315
23130242
23130244
23130243
23130146
23130131
23130206
23130218
23130210
23130108
23130107
23130209
23130109
23130216
23130217
23130305
23130117
23130118
23130306
23130119
23130124
23130245
23130112
23130214
23130139
23130204
23130302
23130105
23130301
23130102
23130203
23130103
23130106
23130205
23130104
23130236
23130143
23130318
23130144
23130125
23130316
23130133
23130311
23130319
23130320
23130145
23130140
23130237
23130234
23130132
23130208
23130123
23130310
23130235
23130317
23130127
23130128
23130241
23130122
23130226
23130227
23130228
23130229
23130308
23130230
23130247
23130238
23130314
23130240
23130134
23130135
23130239
23130101
23130202
23130137
23130138
23130147
23130141
88133605
88131410
88131810
88132006
88132607
88131909
88132407
88130703
88133004
88132305
88131502
88132807
88133903
88134805
88134410
88132005
88134707
88133428
88133632
88130228
88131903
88133644
88131940
88131325
88132236
88132435
88131941
88133730
88134229
88135135
88134450
88131236
88131721
88133421
88130521
88131746
88133445
88132143
88133029
88132437
88134627
88133140
88133646
88132317
88131946
88132848
88134936
88134547
88132204
88134408
88132906
88134905
88132504
88132601
88133610
88131754
88132148
88134839
88130841
88131538
88132642
88134817
88131509
88132720
88133923
88132127
88134527
88134436
88131732
88130729
88133020
88135114
88132111
88134421
88133314
88134208
88132214
88133315
88132613
88134515
88132110
88132509
88131947
88130146
88130428
88133030
88132041
88134714
88131717
88133109
88131718
88133907
88134109
88133937
88130924
88132539
88130922
88133919
88134122
88130718
88133125
88131623
88133126
88133327
88133722
88132306
88130207
88134413
88134205
88132121
88132120
88131505
88134307
88130206
88130506
88132107
88132707
88132609
88131413
88131911
88132210
88133204
88134907
88131812
88134214
88134426
88133118
88131921
88131910
88133122
88133216
88130412
88133915
88131726
88131621
88132520
88133417
88130310
88133618
88134812
88133811
88135119
88132816
88135120
88133506
88133119
88133812
88131011
88132911
88132817
88132912
88135016
88131010
88130114
88134429
88133121
88131432
88131824
88132714
88130219
88134428
88132221
88134117
88130819
88132312
88134318
88130115
88134524
88134613
88132115
88134427
88131310
88131431
88132815
88132620
88134720
88130515
88134917
88132415
88132222
88130817
88132021
88130309
88130818
88131434
88130311
88133813
88130113
88132020
88132220
88132417
88133320
88134614
88130712
88132519
88131725
88130914
88131216
88131309
88133714
88131433
88133418
88133120
88131214
88131922
88132416
88132715
88130516
88131825
88132019
88132311
88133914
88130713
88130411
88133217
88132219
88130218
88133810
88131215
88132201
88131914
88133411
88132910
88131422
88130512
88132811
88131423
88132746
88131907
88131908
88133803
88132501
88134102
88130901
88134401
88130801
88130502
88133938
88134219
88133620
88134119
88131757
88130517
88131435
88133013
88132521
88133619
88133916
88134930
88134736
88134026
88132713
88131834
88132919
88133227
88134125
88130723
88132129
88130915
88134617
88132825
88130129
88132638
88134344
88131327
88133444
88133733
88130529
88131944
88132039
88130214
88135009
88134517
88132523
88131503
88131313
88131115
88133015
88131827
88134321
88131314
88132914
88133716
88132818
88134121
88131014
88130715
88135020
88132623
88131013
88133637
88134444
88132034
88132635
88134931
88132926
88132233
88132431
88131935
88130919
88131024
88133237
88130322
88135030
88134829
88133636
88131840
88133239
88134731
88134027
88131025
88132137
88132634
88132928
88133026
88132429
88131228
88134540
88132728
88130425
88134443
88132432
88133236
88130728
88134828
88133436
88134733
88134830
88134337
88131936
88132033
88133135
88132138
88132234
88133238
88133343
88132430
88132633
88135031
88134622
88130234
88133826
88134539
88132927
88134028
88134732
88133519
88131954
88133656
88134943
88133254
88133148
88135143
88130152
88132445
88133739
88134037
88134840
88132853
88134557
88135144
88133255
88133657
88133839
88131755
88134942
88133738
88133453
88130154
88130438
88131123
88133838
88134457
88134842
88132855
88130842
88132854
88130437
88130153
88134941
88130927
88131332
88131855
88130741
88132933
88131333
88135045
88133837
88130742
88130845
88131953
88130534
88130843
88132852
88131955
88130928
88133355
88132149
88132444
88132322
88133740
88131036
88132856
88134140
88134354
88133452
88132934
88134558
88134841
88134822
88133130
88134024
88131439
88132921
88133021
88134022
88130225
88131930
88133630
88131224
88131319
88134535
88132424
88134023
88130226
88132824
88133438
88133437
88130828
88132929
88135032
88132140
88134623
88130829
88131633
88133638
88131521
88131229
88133344
88131026
88131118
88132930
88134130
88130921
88133241
88131520
88135137
88132139
88133240
88133514
88134445
88130920
88134932
88133028
88130145
88134836
88133732
88131844
88134544
88134835
88135136
88133139
88130306
88134716
88130111
88131818
88132511
88133211
88131719
88130812
88133321
88134430
88130814
88131819
88133909
88130418
88133926
88131117
88134225
88132528
88133819
88133426
88134328
88133427
88134224
88132028
88133629
88132130
88130131
88131627
88132831
88130724
88134534
88131929
88134820
88135126
88131515
88133230
88133924
88133511
88132029
88135127
88132423
88134923
88132627
88133925
88131927
88130916
88131438
88130224
88134438
88134819
88134126
88132529
88130823
88133231
88132229
88131928
88133818
88134618
88131728
88133721
88132525
88132122
88130117
88132022
88134212
88133809
88134211
88131427
88133412
88134213
88134518
88134809
88135124
88130130
88133817
88132920
88133334
88134222
88131514
88134223
88134327
88135125
88134922
88133228
88133229
88132422
88131626
88133425
88132249
88132540
88131222
88133310
88132315
88135023
88130325
88132238
88133349
88135039
88131639
88133246
88132538
88132738
88132411
88133627
88131628
88134925
88131032
88133603
88132606
88134202
88134706
88132004
88134409
88131602
88131539
88133259
88130321
88132027
88132827
88132826
88134403
88130701
88134402
88135001
88134601
88133404
88132646
88134844
88130125
88133329
88130813
88131208
88134018
88130838
88133142
88132640
88133248
88133647
88132146
88133249
88131034
88134629
88132932
88133831
88132641
88132318
88131950
88131534
88133832
88130432
88131752
88130740
88134550
88134552
88134351
88133250
88131533
88132243
88132442
88131852
88132439
88132740
88131233
88131642
88130148
88134937
88134233
88134033
88133032
88134035
88130531
88134349
88132443
88130431
88133147
88131749
88130532
88131748
88132244
88133144
88130925
88133447
88133035
88130837
88131329
88131033
88133446
88135043
88131951
88133448
88133352
88130147
88131532
88134549
88132849
88131751
88134350
88133033
88132319
88131641
88130739
88133145
88134034
88134551
88134553
88130433
88134742
88132741
88134740
88133143
88132240
88134739
88132043
88134347
88134939
88134235
88130430
88134838
88134136
88134938
88130149
88133034
88132542
88131750
88134232
88133649
88134348
88133833
88131850
88131330
88132242
88133353
88130738
88134454
88132743
88131232
88134456
88133351
88133247
88134455
88133146
88132044
88135141
88130926
88130835
88134036
88130839
88130836
88131848
88132541
88133350
88134741
88131640
88133449
88131122
88132441
88131851
88134234
88133648
88131849
88134628
88133650
88133625
88132123
88130520
88133508
88133127
88131317
88132842
88135035
88130323
88133640
88134340
88132730
88134131
88133137
88135133
88134624
88134933
88131323
88131029
88132235
88132637
88133345
88133243
88130139
88134831
88135033
88133439
88135036
88130731
88132841
88133935
88132731
88130734
88132533
88134342
88130528
88134339
88134447
88133515
88131230
88135034
88131635
88131231
88131938
88134341
88130735
88133242
88131522
88132729
88134446
88134338
88135132
88134833
88130732
88130733
88130730
88133642
88133346
88133641
88134832
88131523
88131949
88131207
88131606
88132703
88134904
88132405
88130702
88134815
88132225
88132806
88134508
88131809
88130402
88131603
88131709
88131904
88132205
88131906
88132206
88132104
88134804
88131710
88131905
88132406
88130905
88132704
88130906
88130205
88133106
88133309
88134802
88133835
88134510
88130404
88133203
88133608
88133805
88133609
88133308
88130806
88133105
88134546
88133031
88132228
88131734
88130722
88131018
88133333
88133226
88131735
88131512
88130522
88134532
88134533
88132128
88133129
88134702
88130237
88134545
88132847
88133828
88132309
88132302
88131001
88131402
88134701
88130202
88131701
88135103
88133301
88133102
88130101
88133302
88134302
88131601
88133101
88135104
88134502
88134503
88134001
88130902
88132502
88131957
88133520
88133941
88134237
88134240
88133256
88130743
88131956
88133036
88131643
88132048
88132049
88133741
88130439
88132645
88130746
88130536
88132858
88130239
88132936
88134038
88131039
88130846
88133455
88132935
88131125
88134744
88134241
88131644
88132644
88133658
88131038
88134239
88134944
88130535
88130240
88132323
88133940
88131645
88132047
88131646
88131958
88134238
88133841
88134356
88132745
88132046
88130155
88133258
88133840
88132643
88132545
88134355
88134843
88135145
88131037
88132324
88130156
88130744
88133454
88134236
88132857
88130745
88133149
88134039
88130929
88133356
88133257
88131124
88133659
88135012
88131111
88131110
88133212
88132618
88135014
88132517
88135118
88134013
88134315
88130216
88131821
88131212
88131920
88134014
88131307
88134015
88131429
88130409
88130112
88133911
88133415
88134719
88133616
88134216
88130816
88130815
88131008
88133712
88133213
88131822
88131724
88132814
88133912
88130513
88131430
88131616
88130410
88135013
88134611
88132310
88134718
88133505
88133910
88131823
88134218
88132016
88130710
88135010
88134016
88131112
88133114
88132218
88134314
88131211
88134521
88132712
88132813
88132514
88133416
88134612
88132217
88133617
88132516
88131009
88132711
88134810
88131617
88132412
88134313
88135011
88130912
88130308
88132518
88130514
88134811
88130913
88131820
88134217
88131618
88133319
88131210
88131919
88134316
88134916
88134215
88133115
88131619
88132413
88133504
88131113
88134317
88133214
88131723
88131722
88132515
88132207
88134708
88134606
88134306
88131204
88130704
88133510
88133424
88133443
88133441
88130236
88134934
88131636
88131121
88131326
88132735
88131526
88133442
88131745
88133936
88132537
88132736
88134935
88130426
88134133
88134031
88130923
88132737
88133829
88131529
88133348
88133138
88130144
88132846
88134626
88134451
88131525
88133516
88131527
88132536
88130157
88130833
88132436
88133645
88134452
88132734
88130427
88130324
88131638
88131530
88134834
88131637
88131942
88131843
88132038
88130143
88133517
88134343
88131030
88135037
88135038
88131943
88134134
88131744
88131610
88133312
88130305
88132017
88133117
88130711
88133012
88132018
88131620
88131213
88133215
88133713
88134116
88130501
88131401
88132001
88132902
88130503
88134431
88133725
88134528
88132226
88132414
88130217
88134523
88133116
88135015
88133913
88135122
88133403
88131411
88132608
88132208
88130123
88132316
88134135
88130530
88134837
88133830
88132931
88135138
88131945
88132639
88131202
88133326
88130415
88133720
88133622
88131829
88133221
88133420
88130717
88134437
88133726
88132510
88130407
88133413
88131817
88132014
88133709
88133111
88132132
88132133
88132131
88134821
88132530
88131836
88131021
88134127
88130824
88131020
88131737
88134818
88131832
88133423
88133225
88133332
88131733
88131221
88133628
88134921
88134616
88134326
88132421
88133422
88131511
88132227
88133509
88132527
88134325
88134530
88131017
88133128
88134531
88132626
88133019
88130720
88134324
88135022
88134529
88133807
88132614
88135116
88132809
88131926
88131506
88133724
88132628
88131839
88131227
88133025
88131031
88135025
88132722
88131507
88132224
88134221
88133920
88131730
88133328
88133624
88130124
88132822
88131731
88133723
88134020
88131624
88134915
88131119
88130121
88130518
88133512
88132427
88131519
88131516
88133337
88134827
88130420
88131739
88132136
88131320
88133133
88132836
88135128
88132313
88130825
88131932
88135130
88130229
88132630
88130526
88134824
88133433
88131518
88133132
88133928
88133336
88130134
88131931
88133431
88133728
88130527
88130231
88132725
88131837
88134730
88133234
88133338
88133024
88133022
88134442
88134335
88133340
88130317
88130135
88133929
88133432
88132426
88133430
88130314
88134728
88132631
88131934
88132031
88131838
88133822
88134331
88131226
88134927
88134537
88130422
88132924
88135129
88131321
88133339
88132923
88130132
88132922
88134441
88131629
88132834
88132838
88133821
88130421
88130316
88132030
88134128
88133633
88134129
88131023
88133930
88131225
88133429
88130424
88132835
88131631
88133023
88133434
88132925
88133635
88133134
88130315
88134729
88133727
88134226
88130918
88131517
88130525
88134440
88134334
88130524
88131022
88132724
88134826
88131933
88133634
88134929
88130917
88131738
88130727
88132837
88132425
88132531
88133235
88134926
88134228
88133233
88134621
88130230
88134536
88130423
88130726
88132232
88132032
88134333
88130523
88134332
88130826
88134825
88132726
88133820
88135028
88132135
88133823
88130827
88135027
88133824
88134439
88132134
88132629
88132314
88130133
88134227
88134928
88134538
88135026
88132231
88131019
88132721
88135024
88131833
88134124
88131513
88131116
88132024
88134123
88133921
88130537
88133660
88134322
88130127
88131318
88130313
88130416
88134726
88132026
88134323
88132125
88133331
88131830
88132918
88133802
88134803
88132304
88130504
88133003
88134407
88134305
88131408
88133202
88131729
88133124
88134906
88133651
88131234
88134743
88133354
88132147
88133251
88133335
88134924
88130227
88135113
88131715
88133906
88131608
88132009
88131426
88133110
88131916
88134113
88134424
88134112
88134525
88132023
88133017
88132916
88130118
88134725
88132718
88134220
88130220
88130413
88133123
88132915
88134432
88134019
88131217
88131316
88133219
88134724
88132819
88131315
88135121
88131218
88132845
88131322
88133825
88133932
88131632
88135042
88131847
88132145
88133141
88132908
88130105
88131416
88130120
88131937
88130137
88130830
88131634
88132636
88132433
88130138
88130831
88130911
88130511
88131306
88134608
88134110
88135117
88133808
88133908
88130810
88130109
88130211
88133410
88131420
88132615
88134310
88133615
88133208
88134715
88130809
88131419
88134912
88132216
88130708
88130834
88134346
88134548
88132239
88131223
88131801
88132913
88131114
88131625
88130719
88131913
88131421
88132830
88132828
88132829
88133307
88131412
88132106
88131811
88133006
88132209
88132008
88131712
88131107
88134509
88130204
88132706
88132119
88131925
88131510
88131324
88131615
88130119
88134417
88130706
88131912
88134204
88132505
88132109
88133007
88130304
88134004
88135112
88130907
88134411
88132705
88132007
88134412
88133804
88134604
88133501
88131106
88131604
88134605
88134519
88134914
88132410
88134114
88134012
88131720
88133011
88133010
88132616
88133112
88134609
88131918
88133414
88133316
88131917
88134425
88130215
88133317
88130408
88130201
88135102
88132901
88134501
88135101
88132202
88132701
88132401
88134543
88132733
88134449
88134132
88132844
88134735
88133347
88133440
88131846
88131531
88135115
88132438
88135139
88131948
88135040
88134738
88132042
88130327
88130429
88134032
88131747
88135140
88131328
88134453
88132739
88134345
88134507
88134717
88133731
88132142
88132535
88132434
88130832
88132843
88132534
88131939
88133245
88134734
88133643
88132732
88131524
88134625
88130141
88132036
88130140
88130235
88131841
88134448
88135134
88134542
88131120
88132325
88133456
88132832
88131736
88131835
88133027
88133933
88133639
88131742
88133934
88131027
88134541
88133136
88135131
88131743
88132840
88130725
88134619
88132230
88134418
88134005
88134512
88130807
88134709
88132909
88133705
88135008
88133409
88131611
88134312
88131006
88131428
88130811
88132512
88132617
88133834
88133653
88132544
88131952
88134554
88132850
88133252
88132245
88132543
88134137
88131235
88133253
88130434
88134138
88131536
88133654
88131854
88131535
88134139
88130436
88131331
88135142
88135044
88134556
88133652
88134352
88130435
88133939
88131853
88133451
88132744
88133735
88134555
88134940
88133450
88135019
88134029
88134201
88135041
88134231
88134203
88133902
88130805
88131002
88131105
88135111
88132105
88131711
88131740
88133342
88132126
88130128
88130822
88130721
88133018
88134727
88132526
88134920
88130417
88133815
88134630
88130328
88131040
88130326
88134737
88132851
88130150
88132246
88131753
88133736
88132045
88130151
88130533
88131035
88132321
88134353
88132320
88130238
88132247
88132248
88131537
88133313
88132307
88134522
88131308
88130106
88133407
88133408
88131716
88130108
88134910
88134909
88132010
88130107
88131609
88130909
88134908
88134309
88134206
88134911
88130510
88131614
88132114
88131007
88134610
88132015
88130307
88133737
88133836
88130122
88132124
88132025
88132917
88132823
88132625
88131016
88133922
88134816
88134918
88133330
88133222
88130821
88133223
88132719
88134919
88130126
88134526
88131508
88134435
88132037
88133827
88133224
88135123
88131831
88133917
88131436
88131311
88132117
88134319
88134721
88131923
88133621
88132621
88131437
88135018
88133323
88130714
88132716
88133014
88132223
88132116
88132118
88130312
88131622
88130116
88134723
88134722
88133715
88133814
88135017
88132418
88134320
88131012
88132522
88131826
88132622
88130820
88133218
88135002
88135105
88135106
88131804
88133306
88135004
88130104
88134002
88132003
88130802
88134902
88133702
88130301
88134105
88133801
88132402
88132803
88134103
88134505
88130803
88134003
88131707
88132102
88131902
88134406
88133304
88134506
88131102
88132603
88131404
88131203
88131103
88131805
88130401
88131302
88135109
88131808
88130102
88133601
88134404
88133201
88134405
88131706
88130303
88131405
88135108
88131126
88133401
88132801
88133305
88131301
88134705
88132404
88131403
88132101
88132503
88131703
88131803
88132103
88132805
88133901
88133303
88132904
88131705
88132802
88134106
88131406
88132403
88130904
88135107
88133703
88132203
88130203
88134504
88134104
88133002
88133104
88132804
88132702
88131407
88130903
88134304
88131101
88134602
88131806
88135003
88132905
88134303
88131501
88134703
88134603
88130804
88133001
88134107
88133103
88131708
88135110
88134903
88131901
88131702
88131807
88134801
88134901
88132903
88130302
88134704
88132002
88131440
88134620
88130419
88134823
88133631
88133927
88133232
88134329
88134330
88133710
88133113
88131613
88134520
88132727
88132632
88130320
88134336
88133207
88133614
88134008
88134807
88130910
88131305
88133311
88132710
88134207
88133206
88132508
88132011
88132808
88134009
88133806
88132035
88132507
88130808
88134713
88133502
88133405
88134308
88134007
88134006
88134711
88133406
88132213
88134513
88134514
88132409
88134420
88130210
88133613
88132709
88133008
88134419
88134806
88131714
88132611
88131418
88134712
88134108
88131108
88132506
88135007
88133905
88131003
88135006
88132237
88134230
88132419
88135021
88131924
88132717
88133220
88131727
88130221
88133324
88133507
88134814
88130222
88132524
88131220
88134615
88134433
88133325
88133718
88133016
88132624
88133719
88134434
88132420
88130414
88132820
88133918
88131219
88130716
88131504
88131828
88133611
88130509
88134607
88131813
88134415
88133107
88130209
88131205
88131415
88130508
88134511
88131414
88130405
88132610
88134414
88133904
88134416
88133612
88132907
88130208
88130705
88134710
88130507
88132408
88135005
88132108
88133205
88132211
88131814
88133704
88132708
88135029
88132839
88133931
88130232
88133729
88133341
88133435
88134120
88133419
88133322
88134101
88134301
88131201
88134813
88134422
88130212
88131816
88131915
88134010
88134011
88134913
88132812
88131109
88132113
88133707
88133009
88133210
88134423
88131815
88130709
88132013
88134210
88134111
88134516
88132112
88134808
88131424
88130213
88134311
88134209
88132012
88131425
88133503
88130406
88134115
88131209
88133711
88133626
88131607
88131417
88131303
88130908
06130201
06130101
06130102
06130307
06130211
06130318
06130417
06130306
06130105
06130106
06130206
06130309
06130404
06130308
06130403
06130104
06130205
06130315
06130316
06130210
06130124
06130415
06130218
06130216
06130127
06130301
06130405
06130310
06130109
06130108
06130406
06130414
06130117
06130409
06130420
06130125
06130305
06130419
06130118
06130411
06130322
06130321
06130410
06130212
06130119
06130213
06130412
06130214
06130130
06130327
06130418
06130220
06130331
06130313
06130113
06130407
06130111
06130312
06130110
06130408
06130112
06130208
06130114
06130314
06130115
06130207
06130320
06130116
06130333
06130401
06130402
06130204
06130302
06130303
06130304
06130103
06130209
06130126
06130325
06130311
06130421
06130128
06130332
06130107
06130326
06130317
06130123
06130416
06130217
06130319
06130120
06130121
06130323
06130324
06130122
06130215
06130413
06130330
06130129
06130202
06130203
06130131
06130329
06130328
06130132
06130219
22130201
22130101
22130701
22130523
22130102
22130312
22130808
22130112
22131904
22131012
22130515
22130221
22131020
22130219
22130220
22130818
22131019
22130222
22130833
22130834
22130143
22130553
22130511
22130711
22131010
22131009
22130110
22130512
22130327
22130565
22131014
22130714
22130809
22130715
22130912
22130811
22131905
22130208
22130209
22130114
22130115
22130810
22130911
22130517
22130230
22130205
22130910
22130204
22130807
22130906
22130109
22130510
22130108
22131008
22131007
22130509
22130709
22130909
22130217
22131017
22130611
22130917
22130316
22130916
22130127
22130218
22130317
22130722
22131018
22130928
22130543
22130542
22130624
22130544
22131026
22130828
22130733
22130328
22131028
22130331
22130147
22130241
22130556
22130549
22131034
22130141
22130233
22131033
22130547
22130905
22130914
22130117
22130716
22130313
22130915
22130522
22130521
22130717
22130813
22130116
22130718
22130545
22130920
22130305
22131001
22130907
22130513
22130516
22131013
22130113
22130929
22131917
22130129
22130318
22130537
22130131
22130319
22130613
22130320
22131907
22131022
22130822
22130921
22130130
22131021
22131908
22131906
22130923
22130536
22130538
22130924
22130922
22130925
22130535
22130724
22130228
22130227
22130823
22130643
22130632
22130633
22130330
22130144
22130238
22130239
22130738
22130145
22130934
22130739
22130742
22130111
22130564
22130247
22130156
22130248
22130333
22130806
22131006
22131031
22130546
22131032
22130532
22130152
22130638
22130743
22130310
22130712
22131011
22131903
22130309
22130207
22130206
22130713
22130514
22130604
22130311
22130118
22130608
22130527
22130528
22130122
22130315
22131015
22130314
22130526
22130719
22130815
22130525
22130120
22130816
22130814
22130720
22130529
22130607
22131016
22130214
22130530
22130609
22130121
22130817
22130524
22130216
22130124
22130721
22130123
22130215
22130531
22130731
22131914
22131036
22130838
22130154
22130336
22131039
22130744
22130245
22130554
22130240
22130308
22130603
22130107
22130518
22130210
22130223
22130224
22130225
22130612
22130820
22130723
22130128
22130533
22130821
22130226
22130534
22130642
22130562
22131916
22130745
22130563
22130237
22131004
22130601
22130902
22130703
22130503
22130504
22130704
22130707
22130705
22130903
22130702
22130104
22131005
22130602
22130803
22130706
22130708
22130105
22130802
22130203
22131902
22130901
22130301
22130507
22130202
22130505
22130302
22130304
22130303
22130805
22130804
22130506
22130106
22130212
22130710
22130648
22130140
22130735
22130931
22130234
22130243
22130640
22130242
22130606
22130137
22130938
22130647
22130326
22130231
22130835
22130548
22130125
22130610
22130325
22130213
22130927
22130827
22130627
22130561
22130334
22130839
22130741
22130335
22130153
22131915
22130641
22130841
22130338
22130337
22130644
22130645
22130842
22130246
22130235
22130736
22130142
22130519
22130605
22130913
22130520
22130211
22130636
22131037
22130840
22131038
22130646
22130244
22130232
22130737
22130832
22131911
22130138
22131027
22131910
22130830
22130831
22130626
22130139
22130734
22130904
22130306
22130307
22130908
22130926
22130730
22130919
22130918
22130819
22130829
22130625
22130146
22130937
22130635
22130837
22130936
22130634
22130541
22130623
22130732
22130136
22131030
22131029
22130930
22131912
22130630
22131913
22130631
22130329
22130812
22130322
22131023
22131024
22130614
22130616
22130539
22130540
22130133
22130132
22130824
22130615
22131909
22130725
22130321
22130134
22131025
22130727
22130135
22130619
22130622
22130728
22130825
22130323
22130617
22130729
22130621
22130324
22130726
22130826
22130620
22130618
22130229
22130557
22130149
22130148
22130508
22130552
22130629
22130550
22130551
22130932
22130236
22130933
22130155
22131002
22130801
22130502
22131003
22130501
22131901
22130103
22130628
22130836
22130555
22130935
22131918
22130746
22130559
22130740
22130150
22130151
22130637
22131035
22130332
22130560
22130639