12061025
08060106
20060211
12060501
21060701
18060901
16060201
18062802
12061001
18063801
16060401
16060101
24060101
20060501
23060201
08060302
18063802
05060201
07060301
81060112
08060301
21060501
24060102
18062801
04060401
08060101
14060101
21060801
18061001
08060201
13060301
04060301
01060701
15060101
18062001
21060401
13060401
23060101
17060101
18061201
21060402
21060601
18062901
17060102
01060201
15060601
81060107
12061201
18061901
07060302
05060401
16060601
21060301
18060501
18064101
24060103
18063001
18061601
18063501
18060401
21060503
01060203
18060101
18063602
08060303
18060414
21060613
18061713
21060912
18060913
09060412
20060113
07060205
09060413
15060212
07060611
21061111
13060414
17060116
18062407
18061212
21061013
18062308
17060104
07060202
14060207
18060706
13060407
12061108
16060215
09060514
13060105
18061202
12060601
20060301
21060502
06060301
04060403
14060301
14060501
16060301
15060401
14060201
03060401
18062002
21060302
01060202
18061101
18063201
04060402
12060602
16060402
16060202
05060202
13060402
12061101
15060301
18063601
18062101
18062601
12061003
06060601
06060102
15060103
15060503
16060303
01060402
18060402
09060502
13060203
18061203
24060104
18064106
18061304
10060408
16060208
14060308
07060605
21060906
24060109
02060304
07060606
08060310
08060208
18061111
18063609
18061905
18060411
13060409
18063715
08060318
10060411
18060909
13060316
13060410
21060307
12060903
20060508
07060508
15060412
07060408
08060319
10060207
18063417
18060509
12061010
23060208
12060904
23060113
21060610
15060108
18061110
13060317
08060119
10060110
18062613
21060911
09060408
18062910
18060115
24060119
21060913
13060415
10060209
08060123
20060411
09060521
18060116
81060104
09060414
18062309
16060308
18063012
15060622
05060803
09060313
01060109
18062616
14060211
18061908
18060319
14060318
12060706
21060309
23060211
01060210
06060509
18062310
06060713
15060514
15060623
16060123
05060707
17060117
18063722
14060319
15060213
20060316
21060614
04060319
12060907
09060620
07060410
21060615
20060512
18063612
18060321
12060608
18060415
12060301
08060124
07060113
10060418
18063723
08060218
09060619
18060320
12061137
11060158
14060410
12061213
03060322
15060127
18062414
06060226
18064021
05060517
18061042
03060213
01060218
18062117
21061218
16060611
18061525
04060331
18061127
18060524
14060520
18061629
21061219
13060225
08060150
18060944
01060418
06060728
02060137
03060217
18063437
13060328
07060124
08060349
06060324
12060112
18061229
08060350
08060251
06060325
06060529
03060116
16060153
21061121
21060132
05060223
16060171
16060621
18063124
16060170
18061055
18061736
07060131
15060666
18060952
18062423
07060333
18061636
06060239
14060416
21060411
21061004
15060330
02060306
23060230
06060526
08060111
09060606
21060604
11060117
16060115
02060305
14060203
18063005
03060303
21061104
09060307
09060608
04060205
10060409
06060203
18061610
18061305
16060210
18063410
02060104
13060406
09060607
16060116
20060407
06060708
01060404
01060506
21061105
11060118
16060209
18064202
18063104
09060511
06060503
07060308
18063004
14060212
18063206
18061909
18063613
05060412
07060125
18062020
13060428
06060327
18063120
21060101
04060201
18062902
18060502
04060302
21061201
20060110
08060116
13060313
18063805
21060607
18061808
18063711
04060505
18063008
20060505
18061406
10060307
11060123
16060407
01060206
23060110
06060504
18064002
13060314
15060511
10060308
17060112
07060608
09060516
05060105
01060105
24060113
24060112
18061711
18060708
18060112
15060410
09060611
07060311
06060110
18063512
16060217
09060515
09060113
18060803
16060118
11060125
21060410
18062811
18062507
12061205
18060313
15060615
18063415
04060209
01060104
01060307
05060205
21060306
11060126
02060108
08060117
01060508
18060410
02060204
13060106
18062611
09060206
18061710
16060216
06060109
14060311
12061206
06060207
07060407
18063608
11060206
21060908
18062612
02060307
18063514
21061107
09060612
21060807
17060113
18060113
16060503
18061108
12060807
21060109
07060609
18061308
21060705
15060512
08060317
04060314
18060608
18061010
07060507
10060309
18062305
06060408
24060111
07060110
18062306
18060707
12061109
18063714
21060608
21060909
01060106
81060109
18064110
15060411
18061011
08060210
04060103
16060218
18063416
20060507
18063511
11060207
18060315
03060305
06060208
05060604
06060606
05060409
20060208
18061109
20060506
20060409
18060210
09060613
06060607
09060112
04060415
06060209
18063106
18063105
05060206
12061110
12060902
18061613
08060118
05060504
18063807
18063806
09060111
18063713
11060124
09060309
02060205
18063304
10060109
15060107
15060306
16060119
20060311
07060312
15060614
13060315
21061008
21060108
21061009
21060910
06060608
14060312
03060202
04060504
20060312
18060114
21060609
14060208
18061508
03060503
23060112
18062712
01060207
18063513
12061207
20060207
12060505
18060211
09060517
06060505
18060609
07060208
10060114
02060314
08060326
18061405
18063804
23060205
07060307
06060107
12061204
18064001
01060605
04060208
03060304
18061604
08060316
20060310
03060103
18062103
15060106
11060122
04060313
11060121
05060204
14060409
21060717
16060514
12060306
06060725
21060125
07060501
18060701
15060102
05060101
17060103
04060303
15060501
18061801
18063401
21060802
18060102
09060503
08060304
21061202
18062803
15060404
06060406
20060107
18062605
08060207
18062006
01060103
12061106
21060207
06060106
07060106
11060115
11060116
07060107
18062606
18061007
14060202
10060105
18061803
05060407
03060412
16060114
21061001
21061101
18060107
16060207
10060104
18063409
13060307
15060104
10060203
08060206
13060405
21060905
15060506
13060308
03060302
18062706
18061206
18062506
18062707
18064203
11060114
05060104
07060505
18061611
16060604
05060602
15060507
08060311
18061704
18061105
15060609
18063411
21060907
18062909
18064107
18062403
18063708
20060308
16060603
18061804
16060211
09060108
08060112
18060108
15060608
21061103
23060107
11060127
10060208
05060505
14060315
18060910
18063010
06060610
10060412
18063107
21060507
06060211
16060502
08060115
10060108
21060412
05060410
06060611
08060121
20060511
20060111
04060506
12061011
02060109
12060809
10060112
18061309
18061614
18063515
14060209
18061408
18061810
07060203
13060412
16060307
18063205
18064111
18061811
01060705
08060122
08060327
10060312
18060616
17060124
09060526
02060116
13060112
16060223
18063905
10060212
18062410
20060517
07060317
23060216
16060132
09060419
11060140
23060122
03060107
18061219
18063732
21060712
01060708
02060117
07060210
18060617
09060420
18060920
07060511
20060218
18061118
18060618
02060214
14060217
18060118
03060312
18063309
12060812
11060141
01060409
18064208
14060218
08060127
18061316
18064004
18063210
18063424
18061516
16060313
06060412
21060511
10060423
08060126
18063735
02060212
18062623
13060418
09060529
20060416
15060112
23060215
10060422
06060218
20060321
12060204
21060113
20060219
18060419
18060326
03060510
07060616
09060527
06060219
15060635
02060213
14060321
18063422
01060410
18063423
05060508
21060214
14060114
12060609
12061209
04060213
08060225
20060415
09060624
12060106
06060513
01060709
16060133
03060205
11060139
03060311
18063616
18061817
18063734
18061022
18061911
18064207
21060213
03060511
18060921
06060413
21060812
08060224
18060516
18063733
24060123
20060518
02060118
18060217
06060617
18060922
18061218
09060121
15060633
15060519
18064005
05060509
08060328
21060417
04060509
09060122
01060213
06060716
09060528
23060217
15060634
02060119
15060308
05060212
03060509
18061518
06060220
18061517
06060118
21060813
18060418
06060618
03060508
07060512
18063917
07060218
18060428
18063916
08060338
18063118
21060124
12061132
17060132
06060521
18061122
18061627
07060121
01060216
18064122
01060615
15060644
09060214
09060638
15060522
03060514
10060319
16060320
04060329
18063750
05060711
16060512
04060516
04060215
02060322
12061212
06060418
06060417
18064120
06060520
18061726
18063748
05060812
01060614
21060821
18063821
18061037
18060330
18063747
04060216
21061214
18060427
18063915
21061025
08060238
01060313
18064121
21060820
15060524
08060341
01060120
16060511
15060221
18063430
18063119
15060523
18060228
12060208
16060145
18060331
15060315
14060517
21061117
10060220
18062524
18061824
20060121
11060156
18062628
08060239
18062017
09060540
18060129
14060408
18064218
18062018
01060613
18061036
18061921
18060935
06060523
01060415
08060240
18062820
18061224
18063749
01060519
21060626
12060305
18061038
05060216
06060316
12061131
08060142
18063624
18061039
01060520
02060131
06060317
18061727
06060723
15060645
07060219
16060321
16060513
07060419
12061027
08060143
18061825
08060339
21061118
21061215
21060426
05060813
11060155
06060126
18060227
20060428
12061026
07060122
18064219
18061035
08060340
18060808
17060133
09060321
10060120
14060225
10060430
18060429
08060241
06060724
01060119
18061121
18062016
15060525
08060144
18061223
21060223
06060522
18062115
18062715
10060431
18063751
09060640
09060639
01060414
10060320
03060319
06060315
18061922
08060342
09060130
81060105
21060927
16060614
12060918
18061731
18062923
16060423
18060947
03060326
07060226
21061221
04060118
18060631
05060318
21060430
08060255
03060117
12061036
18063766
12061035
09060136
06060330
12061217
18061732
12061037
06060626
09060548
02060331
07060630
13060429
18060716
07060631
18062324
02060140
08060354
18061049
14060131
09060649
20060534
07060425
11060220
10060133
10060122
13060206
07060135
18062912
07060527
02060332
23060232
18063021
09060435
16060331
16060160
21060929
18061231
18063544
09060652
18061051
16060158
16060159
18064223
21060134
21060135
08060356
08060158
08060258
14060524
18062418
13060230
15060530
09060221
20060127
18062721
18060630
24060131
01060620
23060231
18062636
18061131
23060229
20060430
18062630
09060644
18062717
08060247
09060217
02060220
04060334
07060518
18061128
14060335
16060231
12061032
04060333
18062528
18062631
08060151
13060427
16060230
14060227
09060218
09060133
18061630
07060222
16060149
01060219
18063824
15060222
18063217
18063919
13060122
08060248
15060649
03060419
06060323
09060544
18063218
20060331
06060525
14060128
12061139
01060121
05060610
02060326
10060325
08060152
16060232
08060249
18060433
15060424
08060250
21060227
03060215
16060302
18063002
05060502
16060104
06060101
03060403
09060102
05060301
18060302
15060402
18062701
09060115
18060710
11060131
12060104
06060710
13060108
16060121
18063808
18064206
06060212
06060213
20060315
15060211
05060705
01060511
08060320
10060311
18064112
04060507
18063419
15060619
14060111
18063108
21060414
20060112
09060519
24060117
15060618
24060115
15060617
20060314
14060506
12061208
18062104
16060408
18063719
09060311
10060417
01060510
18062615
21060209
12061014
11060132
08060215
10060416
02060208
07060610
09060617
12060407
03060309
18061015
02060206
02060110
09060411
18062010
20060410
05060706
18063721
18061114
13060212
18061310
02060207
15060210
18060318
17060114
08060214
02060111
05060309
06060508
04060318
24060116
17060115
03060413
18063720
18063809
18060611
07060313
01060108
16060504
18064204
05060108
05060107
14060316
18061511
14060110
12061114
07060112
18063305
18060510
14060210
01060309
18060317
18061410
02060309
21061011
18063611
18064113
12061015
16060122
18061615
21060707
15060620
18064205
21060508
09060116
03060414
18063904
06060613
05060208
12060105
18063518
04060210
03060415
06060711
12061113
20060527
18063822
12061028
18061124
14060125
13060223
09060543
20060122
18063433
09060641
18062116
18061524
09060429
18063756
18061428
15060317
18063216
02060325
12061030
18061126
08060149
18062919
06060321
18061327
24060129
18063759
13060224
05060315
21060628
18061041
14060126
18062527
02060308
01060209
11060130
18061510
20060313
06060507
18063906
18060621
02060122
18064209
18062107
08060330
15060115
06060619
16060135
21060814
05060511
14060323
10060115
02060124
07060116
23060219
09060209
13060419
06060120
09060421
16060225
08060226
14060324
21060215
18061820
18060519
05060213
02060123
16060136
07060413
18062821
21060719
15060648
04060424
06060420
21060925
18061526
09060643
21061119
09060131
21060225
13060222
08060203
15060203
13060101
08060204
06060602
20060401
18062301
09060403
11060103
18063402
12060701
18062602
18062603
12061102
18061002
04060305
16060103
13060202
02060101
14060305
18060130
01060317
14060124
18062413
18063823
18063432
18061040
21061217
14060226
01060224
07060324
81060114
18063431
13060325
09060556
16060620
18062028
18062120
06060334
14060138
08060261
04060343
21060232
18062828
14060139
10060227
08060165
02060145
02060222
01060539
15060664
15060534
18060137
21060231
21060727
12061044
10060335
18061135
18062643
10060204
05060304
06060108
13060207
18060508
02060105
18064108
21061005
21061110
11060133
09060520
18062812
06060204
03060115
01060423
18060141
06060531
15060655
13060330
16060429
03060330
09060555
06060631
07060636
02060336
18060605
10060321
08060213
12061111
10060113
23060114
18061712
18064114
18061112
05060411
04060316
07060111
18061013
14060403
21060317
09060625
09060530
07060412
02060132
06060726
18063316
07060325
01060316
01060125
12061041
04060226
12061148
14060355
21060935
18063909
21060216
07060319
18063908
07060618
11060142
18060422
23060123
18063619
18061721
15060116
20060324
02060317
05060311
10060215
09060630
24060124
18061821
18061620
12060206
18060622
18064210
20060323
18063738
18063739
16060509
18060925
06060312
08060331
06060221
03060315
21061114
18063311
18061723
09060631
08060133
21061113
12061119
03060314
14060514
16060412
07060416
03060110
05060312
20060221
12060814
16060316
07060414
16060411
18064116
15060639
20060519
16060226
20060325
18063114
15060309
14060513
04060110
18062013
20060119
03060207
13060114
18062517
21060620
14060326
11060143
12061121
81060102
09060210
12060508
23060222
18061025
15060119
09060534
07060619
18063528
18062516
13060113
07060211
18063907
18061619
18063427
18062515
15060520
18062110
15060118
05060110
15060417
13060217
18060712
21060117
20060220
08060131
18062625
20060419
17060125
16060414
12061020
02060216
04060111
02060125
02060318
05060606
12061117
18062108
21061018
13060319
14060325
14060120
18063622
06060223
16060415
09060316
23060125
11060144
10060216
18061722
18061422
20060418
08060227
18063112
14060117
18063532
23060221
18062714
06060620
14060219
03060512
14060515
01060113
09060533
07060620
15060218
18061621
18061423
18060122
12060507
18064008
06060718
18060327
09060422
18060926
08060333
13060116
16060318
15060120
02060319
16060608
13060422
01060515
16060138
05060418
21060421
04060421
18063310
05060416
10060316
15060521
21061019
21061115
09060536
01060112
12061210
18064006
04060512
15060117
05060214
21060118
21060619
21060618
21060217
16060317
10060317
18063530
12061120
20060118
01060711
20060421
21060119
21060815
07060513
15060640
02060127
18061319
18061915
05060807
20060420
18060521
15060219
21060512
18064118
04060108
23060124
18060924
09060123
08060128
09060629
03060206
13060115
14060119
12061019
18062518
18061320
08060134
12060108
18060220
18062112
18060123
18062626
03060109
16060139
18063529
18063113
06060720
07060417
21060918
03060317
18061519
21060816
18063115
81060103
06060121
08060332
15060220
18062817
12060205
14060327
21061017
18061220
10060424
09060124
18061028
09060535
04060420
18063621
15060638
15060418
13060421
18060520
08060228
01060710
18063426
15060310
18064007
18064117
09060632
08060230
18061914
18060623
03060316
04060513
23060220
08060130
16060413
14060118
09060317
20060520
08060229
21061116
18060124
02060126
18062109
21060218
18063531
18063740
08060132
08060129
16060137
06060222
05060512
21061213
07060415
08060231
21060319
12060710
18061027
18060221
16060227
04060511
21060420
18060927
14060328
10060116
01060312
03060208
04060109
06060719
18062111
18060125
08060334
06060224
09060423
13060117
05060417
12061122
09060211
12060107
18063533
15060311
13060420
18060624
04060325
14060407
15060641
18063620
18062411
21060318
06060139
09060334
18063777
12061043
18063775
18061059
18064128
13060333
18060342
01060427
18060957
13060132
01060326
01060428
04060530
05060321
20060436
21060531
23060240
05060115
18061829
04060426
18061830
18060528
18063767
21060329
20060230
04060338
21061028
07060524
16060424
21060525
21060431
04060521
01060532
09060551
03060327
07060525
04060337
14060344
21060825
21060330
14060342
09060549
14060343
03060516
18061132
04060220
15060225
18063768
01060533
16060157
04060119
12061218
07060127
08060257
05060221
18063121
14060132
07060523
18060134
18060717
18063543
08060256
21061222
21061223
13060126
13060125
24060133
18063628
06060130
05060611
14060134
21060526
16060237
01060123
18060632
04060523
06060530
18061831
04060428
18064224
07060227
09060550
18063122
18063629
21060725
16060615
18061230
06060131
18060337
18062723
16060616
09060434
18061832
06060730
05060117
18061924
21061123
18062417
15060320
18063443
16060426
21060432
16060425
05060521
16060329
06060422
13060329
11060168
18063442
12060413
21060133
14060133
18060338
06060731
15060654
11060216
18061631
07060424
12060212
15060529
18060816
21060726
18062925
18062024
21060826
18064225
18062025
14060346
08060355
06060332
21060928
01060422
01060322
16060330
09060433
07060526
18061531
23060133
18060135
15060653
13060229
10060440
18063630
05060421
13060430
09060220
15060431
09060327
18064226
18061334
05060116
06060331
16060328
18064123
14060345
04060427
09060552
18061050
18062926
15060129
01060421
13060431
01060534
18063020
18063827
04060522
05060612
10060127
16060617
18061333
06060627
06060132
12061038
07060228
21061224
24060132
04060429
18061133
18062533
18062325
18060529
12060310
09060651
14060135
06060232
18063769
18062822
12061138
13060133
05060322
03060411
23060115
12060906
14060317
18061311
15060513
09060618
16060409
13060110
24060118
18061136
20060535
20060335
23060136
15060535
07060136
18062431
03060222
20060539
09060230
15060675
15060540
16060338
06060241
15060438
18063784
10060447
18060535
23060241
18061638
18060348
18063930
20060439
18061841
18063323
18063556
18063555
16060337
18063785
23060242
18063027
10060433
15060126
08060243
16060419
12061134
11060111
18060311
21060206
16060113
18063103
18062705
18061006
04060412
09060306
18062704
20060106
11060112
18061802
18060407
18061404
16060112
08060309
11060113
08060110
18063803
07060404
01060306
18060940
21060324
18063758
12061029
08060148
09060219
09060645
21060129
05060519
21060523
02060134
21060228
11060162
07060123
18063320
12060110
23060129
01060319
12060308
11060161
14060522
18062530
02060221
18060128
18063746
01060612
18062114
20060526
21060126
12061136
18060812
17060136
05060524
18061739
12060613
18061139
18060606
18062421
15060536
07060332
18061735
20060336
01060225
23060238
01060540
15060324
06060735
21060337
20060134
21060435
10060130
16060430
18060438
13060128
18061928
20060133
23060137
07060130
18061053
18062122
10060442
10060129
16060240
18062644
08060359
05060816
05060121
01060324
18064027
03060517
05060523
21060233
20060434
18062329
16060168
05060424
18063830
12060921
08060263
06060135
03060118
16060333
18060951
01060624
21060139
18063447
14060417
21060529
07060637
10060132
12060514
02060149
12060722
18062123
18061436
01060507
18061009
10060205
16060406
17060111
08060313
18061706
18060208
13060311
02060203
18063203
20060408
21060704
21061207
16060213
20060206
09060109
18062304
23060207
15060407
14060206
14060108
12060405
18062404
10060107
21060208
15060510
15060509
18062007
18063509
18063412
18063508
10060206
05060307
08060314
13060208
18062608
18061306
08060209
21060305
18063510
12060606
08060114
12060406
18060110
23060206
18062809
08060315
18060111
04060414
23060108
18062405
18062710
15060612
18060209
06060205
15060508
05060408
18063204
15060305
13060209
16060117
06060407
18063709
15060613
14060310
12060201
14060503
15060406
18060607
14060504
10060306
14060309
18061705
18062709
15060208
04060413
18061805
13060312
05060703
09060205
15060105
20060109
04060312
09060512
16060212
12061107
04060207
10060305
18060705
18063710
07060310
18061807
06060206
18062810
09060513
13060104
03060101
15060304
09060610
02060107
18061612
06060306
07060607
20060309
18061107
18063414
15060405
01060405
09060110
18062008
16060214
12060806
18061507
21061106
18061709
18060312
18062711
18061307
05060308
16060605
07060406
14060109
18062406
18063607
03060102
15060408
23060109
18062009
07060109
21061006
18061708
18060409
14060204
18061806
15060207
13060109
13060213
05060808
21060423
18061626
16060228
21060424
06060225
18063314
08060335
11060211
06060124
18061724
18062522
14060223
18061032
03060418
20060425
18060625
16060229
18064211
03060513
15060314
09060127
21060322
18062627
08060235
18063812
12060611
20060523
18061323
14060224
21060221
07060120
11060149
21060624
21060220
05060607
09060426
11060148
03060210
14060122
18060933
12060713
21060517
09060319
18062113
20060223
04060326
11060150
11060153
02060130
18061031
18063537
18062316
18064010
18063813
05060515
18063315
12061211
15060122
20060426
09060637
07060216
02060321
18063429
16060143
08060337
14060222
21060819
10060427
02060129
18060426
09060538
20060424
07060622
20060326
05060514
07060516
10060428
12060509
06060517
07060515
14060331
11060151
21060222
01060610
18063212
23060225
18061823
04060423
23060126
15060421
13060425
04060327
21060516
13060423
06060314
09060213
08060140
18061920
18061725
15060643
12061128
12061024
18060714
18061324
18063743
08060138
20060327
18063538
21060923
07060217
10060119
18063539
10060425
18064009
05060112
09060539
06060721
21060922
20060427
01060518
18061427
16060142
12061129
15060642
21061024
18061033
08060141
12060304
13060118
07060214
07060322
10060219
07060215
18060127
06060518
09060636
20060328
06060519
21060122
06060722
07060323
05060811
21060625
16060144
18063117
18063536
17060128
07060626
09060320
12060207
03060209
01060517
21060715
17060129
17060131
16060510
08060336
18063744
18061523
09060635
12061127
01060516
21060623
10060118
06060125
18062523
13060424
18061222
03060318
18063016
13060321
16060141
02060219
01060117
13060323
07060623
08060236
12060911
04060515
12060303
13060324
05060809
18062317
13060322
03060112
05060810
03060113
21060518
01060118
18061120
12060712
04060328
10060426
13060220
17060130
08060139
11060152
07060625
07060624
16060416
10060117
01060116
18063745
16060417
18062818
17060127
04060422
18060626
18060522
18062318
13060221
21060123
01060611
21061128
18061426
01060215
18061522
15060123
10060429
20060525
20060524
03060111
11060212
11060213
05060113
18060226
20060224
10060318
11060214
18060627
21060519
18060934
18063213
20060329
12060817
18061034
21060425
18060329
81060108
02060218
06060514
17060126
18061623
05060710
18060222
21060514
21060621
18062519
21060513
14060220
16060609
02060320
14060121
07060118
18063534
08060217
06060712
12061016
21060120
21060713
01060413
01060114
06060515
18061916
02060128
05060314
18064011
18063116
20060423
16060319
18063814
18063312
21060920
07060119
09060424
14060329
04060514
21060219
06060621
09060537
01060608
07060212
15060420
18060424
04060214
08060233
81060111
18062520
06060516
21060121
18061321
18061917
18063313
12061126
12060815
13060218
11060146
21060515
18061520
21060921
07060320
21060422
08060234
23060224
18060932
12060711
18063742
14060516
21061022
09060633
20060222
18061918
20060521
20060422
15060121
18062015
18063428
20060120
18060224
08060232
18061322
06060416
18061030
06060123
16060140
18061425
18063211
18063535
18061625
18060126
12060816
21060817
12061021
06060313
01060412
18060930
12061124
09060126
08060135
18060423
21061023
23060223
21060622
13060219
24060126
14060221
24060125
07060213
08060136
07060621
01060115
18060713
12060610
18061521
01060712
18061624
09060318
15060313
11060147
21060714
12061023
18061221
18064213
06060415
18060929
18060807
18060931
01060609
09060425
09060634
21060818
18062521
20060522
05060513
18060223
18064212
12061125
18060425
21061021
08060137
11060210
18060225
14060330
18063623
18060328
07060321
01060214
05060111
18063215
09060216
06060622
10060222
14060333
21060226
06060319
18061125
06060142
03060212
21060720
05060608
16060610
05060712
09060642
03060321
18061326
06060320
01060416
09060215
24060128
18060939
18062918
18063757
18063317
21061027
10060223
06060524
12060913
08060242
20060431
04060218
01060617
01060122
10060326
18060230
07060223
16060516
06060127
12061033
18062920
09060137
21061029
06060628
18060948
18064024
18061532
18063828
18063925
08060358
09060557
12061143
14060350
11060173
18062029
20060132
12060919
21060138
17060142
14060351
06060237
13060331
20060433
18060340
12060920
21061225
18063926
04060122
18062829
16060519
21061032
07060530
18063773
14060349
06060734
09060437
06060426
18062121
16060332
14060527
08060262
24060138
02060223
14060415
20060234
18060821
18062928
15060672
21060438
04060125
01060720
08060268
18063318
18063017
04060330
07060627
21060323
07060628
01060217
18060333
16060146
21060721
05060518
18061528
16060325
01060417
15060426
18064025
15060656
09060553
13060432
18061925
18060718
05060118
01060535
12060821
09060329
21060632
09060554
02060141
09060223
12060718
06060532
04060524
21060409
18062609
18062610
18063810
21060606
24060110
15060303
05060203
18061506
18063901
18063407
18062805
11060110
18060802
18060507
18063605
12060804
18061014
12061012
18063811
13060413
11060128
18060912
09060114
18060911
18061409
01060606
09060207
09060409
10060414
20060209
09060310
18063717
12060705
21060706
01060308
18060214
18060413
05060106
24060114
03060307
23060210
14060505
06060506
21060110
10060310
21060612
07060204
03060104
18062614
12061013
01060208
15060110
09060616
18064003
18063517
18063516
12060607
05060506
03060308
06060307
18060610
10060415
11060129
13060211
04060510
12060506
02060215
03060313
14060512
20060417
10060313
18060619
18063617
08060329
21060114
18060421
16060507
02060120
18064012
06060414
18063425
18063815
18061818
09060531
23060218
18061419
14060322
18063911
18062315
18062011
15060637
12061116
18060517
03060108
01060607
18061119
15060114
06060119
02060121
01060311
18060119
18062514
16060224
10060315
18060518
18061420
18064214
05060510
04060106
18064014
21060419
01060411
21060418
18062012
16060315
21060917
15060416
18064013
09060627
04060418
18064215
09060626
18061024
18060218
21060115
02060315
18060121
20060322
10060214
18060620
18061421
18060923
18061819
14060116
21060116
07060318
20060117
18063111
06060311
18060711
18064015
18063910
04060419
18063618
07060617
12060813
16060134
18061618
14060115
13060216
01060111
18060219
18060120
18063737
09060532
16060508
18063736
18061913
10060213
15060113
10060314
18062823
21060631
18060432
21060128
01060713
12060914
01060221
18060231
18060633
18061232
18063770
09060222
09060328
08060159
23060134
04060348
18063776
01060327
21060338
18062646
18060343
05060224
21060635
18061740
14060144
10060445
21061127
18060533
18063639
06060537
18060240
20060238
07060134
15060231
18063322
16060524
21060140
12060213
13060335
21060241
08060366
10060339
11060221
01060721
10060340
07060532
18063782
07060336
20060537
13060134
09060561
15060673
01060542
21060535
06060240
04060345
18062929
12060414
18060824
20060438
18060347
21060340
18062731
17060145
09060229
18063783
09060140
05060124
13060234
05060525
02060151
08060169
18062429
15060538
07060429
14060356
18063836
09060340
10060128
07060128
14060354
05060615
12060922
18062728
20060236
05060122
21060240
16060177
10060338
06060429
18063834
18061840
18062733
16060623
10060135
14060307
07060105
18061912
15060636
16060314
14060511
06060717
07060108
18063902
18062502
04060406
09060505
09060202
10060402
17060105
11060106
18063503
18061003
18060602
18062804
14060401
18063603
04060101
09060506
04060408
24060106
18061402
20060402
21061205
07060602
18064102
01060102
12060603
12060502
13060403
16060501
04060409
01060204
10060405
13060103
18062003
18060603
18061403
09060302
09060404
20060202
02060102
08060105
18063702
18060503
18063504
12060402
16060304
10060401
06060103
04060407
18062503
24060107
18061401
11060107
06060603
13060305
12061006
16060107
07060201
12061103
13060404
18061502
13060204
21060203
06060302
09060203
15060603
21061206
15060504
01060304
17060109
20060405
18061904
09060504
23060102
20060306
21060303
16060305
14060357
02060103
13060102
10060403
18060201
18060307
20060204
12061004
07060503
04060404
08060205
21061203
12060403
01060504
18060902
06060702
18060204
06060707
18061609
05060402
04060204
21060902
03060201
16060405
04060411
09060104
01060703
18061605
05060102
18061301
06060706
18061004
07060103
15060205
18062905
18061701
01060505
01060503
18062907
24060108
23060106
11060203
09060603
16060306
14060107
18063102
06060104
08060108
07060601
24060105
06060704
11060104
21060403
20060105
09060605
21060404
03060404
04060502
07060304
16060106
07060603
18060106
21061102
06060201
07060305
21060406
18061302
09060204
20060403
18060906
18064103
15060606
18060907
12061203
18062401
21060702
20060404
18060202
06060402
01060205
20060503
04060309
18060203
05060404
18063505
20060406
04060405
06060105
18063303
12060504
05060405
03060407
23060103
18062906
18060506
09060405
12060803
12060703
16060403
21060104
01060305
09060301
18060504
18060801
18064104
07060102
10060102
06060304
12061007
05060701
10060303
18060404
18061606
12061104
12060702
09060105
16060108
12060604
04060311
06060305
07060504
14060106
18061104
10060404
16060203
09060601
15060206
18063301
04060308
10060302
20060203
21060105
18060505
06060401
05060403
04060203
01060502
04060102
13060304
18062604
21060106
18063403
18063704
15060505
09060303
18060604
21061003
14060402
09060508
02060202
18061504
07060604
09060106
18062303
04060501
15060604
14060306
20060102
10060103
18060306
03060408
05060601
21060603
18063406
21060504
03060409
21061204
18060703
18060305
18060905
09060304
18063405
18060904
18062904
18063703
18060704
12060802
18061503
06060403
21060804
21060304
18061005
08060306
11060108
09060305
21060505
16060205
07060104
08060107
03060406
16060109
01060603
18060309
18061607
15060302
12061008
18063706
18061702
07060306
21060805
16060111
06060405
18061703
18062903
11060202
07060403
17060108
18063707
18062505
13060306
18061608
12060102
13060205
20060502
06060501
21060602
23060104
05060801
02060302
18061204
09060604
06060604
06060404
21060903
05060702
06060705
18061205
18063604
18060308
12060503
16060105
06060703
04060202
13060303
04060306
23060203
17060106
01060101
01060702
14060502
01060403
21061002
18062702
18062004
18060903
02060201
21060407
23060204
20060103
07060402
18061501
05060103
21060205
12061005
03060405
20060104
06060202
18060908
08060307
06060605
04060310
18062504
10060407
18060310
12061105
06060502
05060406
06060303
12060801
17060107
16060602
18063404
23060105
08060305
21060107
04060307
18063101
15060605
10060202
11060105
16060204
12060103
21060405
14060105
02060303
20060205
18061505
09060406
18060405
11060205
18063302
09060602
18061103
11060204
18062402
05060802
12060605
09060510
18062703
18060406
03060301
18061303
17060110
16060404
03060410
21060408
18060104
04060410
15060607
11060109
23060202
15060204
18062302
18060403
01060602
05060302
09060507
18064105
09060509
09060125
12060805
18062005
21060806
18062807
07060405
18064109
05060603
18060408
21060506
18063903
07060506
03060502
11060120
08060113
09060308
18062708
12061009
09060407
20060307
05060303
18063408
16060206
13060309
08060312
21060605
18060109
18063007
04060503
13060310
10060106
18060235
01060126
13060233
18060439
21061034
09060439
11060174
18063831
18061054
06060238
12061144
18063448
18063548
02060147
03060220
15060227
15060439
18060445
01060430
09060141
08060370
18063006
02060106
18061008
05060503
18060207
11060119
12060901
18063507
10060304
20060108
18063506
01060604
15060610
18063606
05060305
15060611
10060410
09060609
18061106
18062911
18063610
10060111
08060212
15060209
01060406
16060120
14060314
23060130
81060101
01060524
05060815
21060428
05060317
15060223
05060613
09060436
09060224
07060329
24060136
16060162
24060135
21060633
18062725
20060231
18062420
15060321
11060170
13060127
18061742
16060163
06060533
11060169
15060659
07060330
05060422
06060424
05060319
13060129
11060178
18063552
12061222
21060933
01060715
18061837
07060531
21060932
06060140
05060123
18061838
18060238
04060224
18060958
20060137
15060230
09060336
05060225
18062729
05060323
01060716
11060179
07060639
14060231
07060233
09060225
16060431
18060721
18064231
06060632
16060432
01060226
18063634
10060131
21061035
13060130
15060228
18063449
02060148
06060736
18063553
06060536
16060169
21060528
12060513
18061435
01060718
01060429
09060139
16060178
04060124
18060346
11060180
18063781
03060518
18061537
18062730
09060661
18063780
09060312
06060112
18063519
18061211
04060508
06060308
07060409
21061012
02060112
18064220
20060123
06060339
18060532
07060236
20060339
09060228
15060437
06060428
17060144
08060267
18063026
21060239
14060420
08060147
18062629
14060519
16060418
04060217
18062412
12061135
06060318
15060647
18062526
18062321
15060125
01060315
03060320
01060616
02060324
11060157
21061026
08060216
15060621
08060246
18060234
04060222
01060323
06060141
03060423
18064130
18062537
18060723
15060409
18060719
21060332
06060233
13060232
09060653
18062419
24060134
06060133
18060232
03060328
01060222
18060950
18060817
06060122
10060217
13060320
12061123
05060215
05060313
18060928
21060321
10060218
21060320
21060919
07060117
02060217
11060145
15060419
21061020
07060514
09060212
18061029
15060312
08060345
08060346
18062322
21061120
05060419
16060517
12060209
18060943
13060326
06060228
20060530
21060522
10060436
18060813
12061034
12060714
10060327
18064023
18063920
04060335
18061527
15060425
10060435
18061728
12060411
10060328
18063541
18061432
14060228
18063626
06060528
15060526
01060618
16060324
04060113
12060210
20060227
03060323
02060327
20060125
01060523
15060329
09060339
01060719
14060419
18063835
18064233
18061929
18060236
07060309
23060121
03060507
06060411
10060421
18060614
16060222
18063816
21060112
16060131
02060211
21061016
18062409
07060209
05060507
21060416
18062314
18061720
06060117
18063110
18062815
18060615
01060501
18061826
18060715
18060810
21061216
81060110
18060936
10060221
02060323
17060135
18060430
18063540
21060627
09060428
18061123
06060419
18060523
14060332
13060119
21060521
18064020
18060937
18063755
18063754
18060938
10060121
18060332
18063918
18062716
21060224
04060332
18061043
23060227
05060220
12061216
05060423
18063927
12061145
18060341
18063928
04060529
04060528
18063451
06060137
13060131
18063550
13060332
08060360
14060352
18061057
01060127
18062424
18060954
18061338
07060132
08060166
12060612
18061237
09060660
05060716
14060141
10060334
14060528
18061836
18061930
18062535
11060176
18061137
12061146
18061437
10060228
20060235
18060138
18064029
04060432
08060361
18061737
12061042
16060334
23060138
12061221
21060234
05060717
06060138
24060139
11060177
20060435
18061534
21060931
15060326
21061124
18063832
08060264
16060173
06060634
18060237
18060955
18063774
18060139
15060131
21061125
18061535
21061126
15060668
01060325
09060558
07060133
04060123
09060440
07060334
18061931
05060425
18061637
18060441
21060437
08060265
18060722
06060338
14060142
07060232
23060239
15060669
18061238
18060442
18061058
08060362
15060667
14060353
18062425
20060136
03060331
18061738
21060728
21060530
18060443
18061138
18060956
10060229
14060418
18063025
18062330
18063225
08060167
18062649
18062426
06060636
18063637
21061228
12061147
21060934
04060344
21060729
09060337
21060339
18062428
10060336
18060345
09060560
09060338
04060225
18060239
20060437
16060175
18060823
16060176
08060365
24060140
07060235
18063638
18061241
18063779
18062331
13060436
18063929
15060331
18062536
18061440
23060140
20060536
03060422
16060336
12061224
03060221
15060436
10060444
21060440
20060239
18060534
09060442
12061045
02060225
18063126
05060616
05060325
20060240
08060369
15060539
20060538
15060674
13060235
18063127
08060368
11060181
12061149
18060724
07060337
06060637
16060242
18063640
18061242
08060367
09060562
81060115
18062732
07060431
18062651
07060428
18060635
04060533
18062427
13060135
16060435
05060219
07060126
18062532
01060420
06060329
15060128
16060155
15060429
12061142
12060820
18061130
18062023
04060117
14060130
06060421
20060229
15060430
07060521
18060133
16060236
07060423
21060724
06060129
07060522
16060156
15060528
21060824
18061730
18061048
18062323
09060648
08060353
13060228
12060917
01060531
08060364
03060332
15060537
15060671
18060531
04060532
01060541
16060521
21060238
21060716
06060427
18061210
06060709
06060210
18060709
18064115
13060107
21061010
21060611
23060209
18062307
08060211
03060306
09060614
09060518
20060509
06060111
13060411
07060509
06060609
13060318
08060120
01060704
18062509
18061906
18060412
18061209
18061407
18060316
04060315
01060107
01060509
21061109
15060616
21060308
18063418
12060808
05060704
13060210
18063716
15060109
18061012
09060615
18060213
14060313
20060510
21061108
18061208
18060212
21060926
18061332
08060252
06060336
06060633
10060443
09060333
18063833
09060658
12060313
03060119
18060953
11060175
15060325
12060114
17060143
09060659
21061036
18061056
20060337
07060231
18060440
18063450
18063549
12060314
16060520
11060219
21061226
12060723
06060337
09060332
18063635
12060823
18063636
16060172
21060436
18061439
09060559
18061839
18061060
05060324
18060822
16060174
18063778
08060168
11060154
23060127
18062819
09060128
08060237
05060114
20060124
17060137
18060942
01060522
18061430
16060323
18061827
02060133
18061227
08060344
11060160
06060527
11060159
18061431
06060227
18062927
21060331
11060217
12061219
18063123
13060231
20060332
20060333
18060435
18062650
01060717
03060121
20060338
18063921
06060229
12060915
08060153
05060217
16060151
08060154
03060420
09060325
20060228
12060412
11060163
16060421
21060131
01060220
16060152
18062118
18061729
04060115
21060822
12060211
01060526
16060326
04060425
18063435
09060545
08060347
20060532
14060411
07060519
12060715
18061529
07060225
01060619
03060324
15060527
05060420
21060130
18062718
06060623
12060818
18060131
14060338
11060164
18061228
14060339
02060136
21060429
03060515
13060123
18061045
16060234
18063825
18064221
18064222
06060128
16060233
02060328
02060135
10060124
21060327
14060129
01060527
15060318
18061329
07060326
14060412
14060523
09060134
11060165
09060430
04060116
16060235
08060348
15060651
10060438
03060325
12061223
18061536
07060234
14060529
16060335
15060328
07060418
12061130
20060225
18063011
12060905
09060410
18061113
18063718
21060413
18062816
04060107
02060316
10060123
03060211
12060113
08060103
18060601
12060401
10060301
21060901
08060104
15060403
14060104
18060304
11060201
21060103
07060502
20060305
18060103
09060103
02060301
07060101
18060804
18060805
18060919
14060510
08060222
18063209
18061616
02060313
02060210
20060413
08060223
18061020
21060316
16060221
09060120
23060214
04060324
01060110
18061719
20060115
15060632
05060805
20060116
18063817
07060115
03060416
21061211
18061910
20060414
21061015
06060512
05060310
20060217
03060417
18061418
11060138
05060806
10060211
21061212
18061217
24060122
20060320
18061617
05060211
18062622
18063109
01060707
21060915
11060209
21060916
06060116
21060617
15060631
18062513
18061313
06060217
06060511
18063731
12060709
18062916
07060615
18061314
18062019
14060123
16060322
18061225
07060220
21060520
07060221
18062319
15060124
12060912
20060429
23060226
08060145
04060517
10060432
18060809
01060521
18062320
18062525
18063752
18061628
09060427
07060517
14060518
21060718
15060316
09060129
12060510
08060146
01060314
09060542
12061133
13060426
24060127
17060134
05060814
11060215
18061923
15060646
18063753
13060121
14060521
09060322
20060529
12060109
18063434
04060112
20060226
23060128
06060322
09060323
21060630
16060148
07060421
18063922
08060253
18064124
08060157
18062922
06060625
07060520
09060432
15060676
18064227
01060530
18063221
02060330
18062825
04060520
18064228
07060327
12060717
04060519
18063765
18062720
13060227
01060321
09060547
18064125
18063627
04060219
12060819
18061828
21060723
16060327
18061047
18063019
21060823
09060546
15060224
18062531
10060329
14060341
08060254
24060130
12060511
13060120
18061328
21060325
18060941
08060244
21060127
18063625
18063761
18063762
10060323
18061429
10060324
20060330
12060307
18060229
12061031
15060423
01060318
16060147
20060528
18060628
08060343
14060334
16060515
15060422
05060516
14060127
05060609
18060431
09060132
08060245
10060322
18063760
07060420
21060629
16060420
18063763
01060525
13060226
07060224
01060320
12060111
20060531
10060437
17060138
14060337
13060327
15060650
09060324
04060114
18060334
04060336
18060949
18063222
18063829
18063631
07060528
01060621
12060512
18060720
02060142
10060226
02060333
20060129
21060827
18061234
18060530
04060339
21061030
18061926
21060333
01060622
15060657
07060328
18061235
05060119
10060330
18062724
23060233
06060423
20060128
23060234
18062637
15060658
06060234
02060334
20060130
05060715
02060143
16060161
14060347
18061233
18063923
18062326
04060317
10060413
12061112
06060612
05060207
18061023
23060228
21060427
04060121
01060223
20060138
10060337
12060704
18061509
06060114
09060415
09060417
09060416
06060113
08060323
18061714
11060208
17060118
13060111
06060715
03060106
09060621
15060515
15060413
16060124
18062408
03060504
06060214
18060914
16060125
16060505
06060714
18061813
18060513
07060314
07060612
09060622
18062913
18061411
14060112
18060511
18062617
18063912
07060114
09060522
18060322
18063306
20060212
03060310
01060211
18063724
18063913
15060624
01060310
18062713
18063520
04060104
18063013
10060210
02060113
20060114
06060510
18060512
04060416
18060915
15060215
23060116
18063726
08060322
10060419
15060214
18064216
16060410
13060214
08060321
07060206
18063725
20060412
18060916
18063307
21060310
20060213
02060311
20060317
04060417
02060114
02060115
18063818
18062313
03060204
11060134
03060203
16060126
18062510
01060706
20060318
18064017
07060614
09060314
15060414
18064016
16060127
15060415
21061112
18063727
01060408
07060510
16060311
06060614
17060120
21060210
08060219
12061115
07060207
15060517
18061412
15060216
18061514
17060122
09060418
18061413
15060516
05060209
04060321
04060322
18063524
09060623
21060510
18061116
12060908
15060217
15060111
18063421
18064018
14060508
12060811
03060506
08060221
18063820
20060215
02060312
18060514
21060314
18063308
07060613
21061014
11060135
04060320
21060809
18061715
16060309
18061018
06060309
04060211
15060627
18060117
17060119
18062105
20060514
14060509
09060117
21060711
18063522
18063819
18063615
01060514
18063728
18061717
18061515
18064019
18062813
18061117
13060215
20060515
21060710
23060213
18062619
21060211
18062311
14060213
13060416
15060626
18062620
18062915
12061017
18064119
18062106
14060507
21060313
18063614
18063014
18060417
18061414
12061018
09060524
23060118
18060215
18061215
01060512
16060312
08060325
06060616
12060910
07060316
15060628
07060411
21060415
15060625
21060811
18060515
16060607
16060130
05060109
12060708
09060525
04060323
14060320
06060409
16060128
18061017
18062914
09060118
17060121
23060117
18061814
18060323
05060413
18063521
14060404
12060202
21060709
08060324
24060120
18060806
05060708
18061214
12060909
21060616
16060219
18061415
15060307
20060513
21060708
14060216
16060506
06060310
18063914
06060215
05060804
03060505
14060113
18063420
18061815
18063525
18061416
18060612
18060918
21060914
01060212
18061417
02060209
18061816
18060216
11060137
14060215
05060415
18063526
17060123
18062312
15060518
18061716
06060115
23060212
12060203
11060136
18061513
21060315
21060808
08060125
05060210
06060216
18063208
18062814
15060630
12060302
18064217
18060917
16060310
21060111
18063523
21060311
01060513
05060605
16060129
23060119
16060606
14060406
14060405
01060407
15060629
18063729
05060414
18060613
18063015
21061210
06060410
18061213
21060312
16060220
08060220
09060315
21060810
12060408
18063207
24060121
12060410
12060707
18061216
21060509
09060523
06060615
21061208
14060214
04060212
18060324
18061019
18062511
23060120
13060417
20060216
18062621
18061718
18060325
21060212
20060319
05060709
18063730
20060516
09060119
10060420
20060214
21061209
18061312
12060810
18060946
06060231
21061122
02060138
18060336
02060139
08060352
01060529
06060624
21060328
12061141
18063439
21061220
06060328
18063441
03060219
09060646
18064229
18062021
09060647
18063220
05060520
18062022
18061530
18062416
18062634
10060224
18062031
10060225
23060131
14060340
23060132
15060428
21060336
21060634
21060533
09060227
21061227
21060534
09060441
12060923
18061741
21060141
18062430
04060433
12060115
18061140
16060244
16060243
07060641
07060137
08060308
21060904
18063202
18063003
08060109
18060205
02060224
09060138
08060363
21060829
14060143
18064129
09060335
02060150
04060531
15060229
15060670
18061339
15060327
21060235
23060139
07060427
10060230
18062030
03060120
04060223
07060638
08060266
18063551
10060134
21060236
18062830
16060622
06060737
06060635
13060334
21060532
09060226
03060214
18063924
04060340
02060144
23060235
18061634
06060425
18063445
08060161
18060436
13060433
04060341
12060720
01060124
18061833
18062638
15060323
20060232
15060433
18063771
18061052
04060221
20060334
05060522
20060131
16060238
18062826
12061039
02060335
09060654
01060536
15060531
10060331
21060334
07060529
07060633
18061134
18063223
23060135
14060136
18063632
03060421
18060818
18062327
16060428
24060137
21060137
21060433
18062027
18061433
10060441
08060160
16060164
18063444
18063545
15060660
05060120
16060165
01060714
21060335
12060719
16060518
09060330
21060229
15060322
01060424
21060136
07060129
18060233
16060427
06060235
14060525
05060222
18062639
08060259
10060446
07060430
05060125
16060241
18063226
18060959
07060640
21060439
10060434
14060103
12060101
18061902
01060301
21060803
09060201
03060501
09060101
14060303
14060102
07060303
10060201
08060202
15060502
21060202
18061903
20060101
18064201
12061202
20060302
18061602
09060501
09060402
18060301
20060303
01060303
18063502
05060501
13060201
10060101
06060701
13060302
15060602
01060401
08060102
01060601
18061603
11060101
14060302
18060702
12061002
04060304
16060102
15060201
18063701
03060402
09060401
11060102
20060201
15060202
21060102
01060302
07060401
18061102
14060304
20060304
05060316
18060525
18062415
14060336
21060722
18062529
18063826
06060727
21060326
18062632
16060612
18063438
16060613
18060526
18061046
18062921
12060716
18064126
18063764
09060431
20060126
09060135
18063542
12060916
18060335
06060230
18060815
12060309
11060167
09060326
18061129
08060155
12061140
07060422
13060124
18060527
17060139
10060125
11060166
18060434
18064026
05060713
05060218
15060319
18061331
15060652
16060422
12061215
12061214
20060432
18063219
08060351
16060154
06060326
18060132
09060663
01060528
18060945
10060126
05060714
03060218
15060427
01060419
18064230
10060439
18062719
02060329
08060156
18063018
06060729
14060229
18062824
16060624
12060214
08060269
20060139
01060227
21060636
18063452
09060662
11060182
16060625
03060424
18063324
11060222
14060530
18060960
06060340
10060448
21060936
09060341
12061150
04060346
18061141
07060237
24060141
18060140
18060725
06060430
18062930
16060525
18062648
18063554
20060237
21060237
16060433
18061239
16060522
18060344
07060335
03060114
18062827
08060164
05060614
13060434
18064232
18063022
16060618
06060534
18063446
12061040
08060260
18063772
12060116
06060134
12060312
11060218
14060526
12061220
06060629
05060320
08060357
18061335
18062726
18060136
07060634
12060311
11060171
12060721
15060533
15060661
18063023
15060663
18063547
20060533
18061635
01060426
18060819
18060634
04060342
06060732
18061733
09060655
14060413
04060525
04060526
15060226
10060333
07060635
14060232
04060527
23060237
21060230
01060537
15060532
17060140
15060662
07060331
18063224
17060141
18063024
16060619
04060431
14060348
09060331
18061834
14060137
06060333
18060820
18062641
16060166
18063546
21060434
18061434
01060538
03060329
04060120
10060332
18062642
18061337
01060623
11060172
07060229
06060236
16060167
06060733
16060239
18062534
18061734
15060130
08060162
18062640
18060437
12060822
14060414
09060656
18061336
01060425
18060339
21060930
06060630
18062328
20060233
08060163
18063321
20060340
16060434
09060208
12060404
04060206
05060306
20060504
18064127
15060434
20060135
14060140
06060535
06060136
09060657
15060665
18061835
18062727
14060230
18061236
21060527
07060230
02060146
21061033
18062422
06060335
07060426
09060438
18061533