30141011
30141088
30141202
30145206
30141084
30145173
30141177
30145219
24140103
30141246
30145143
30145198
30145201
30145057
30145072
30145030
30145087
30145182
30145059
30145132
30141079
30145012
30141174
30141190
30145002
30145237
30141183
30145217
30145174
30141076
30145077
30145133
30145112
24140104
30145144
30141099
30145019
30145033
30145172
30141072
30141165
30145056
30141211
30145130
30145026
30141093
30145125
30141213
30145209
30145106
24140109
30141217
30145142
30141140
30141250
30141002
30141156
30145238
30145264
30141222
30145137
30145259
30145005
30145122
30145146
30145029
30141231
30141214
30145131
30145084
30141078
30141224
30145110
30145189
30145008
30145037
24140115
30141154
30141162
30141184
30145149
30145232
30145176
30145229
30145203
30141172
30145160
30141166
30141232
30145054
30141044
30145261
30145148
30141070
30145228
30141031
30141195
30145170
30145009
30141034
30145071
30141200
30145258
30141096
30141249
30141157
30145181
30141023
30145010
30145060
30145024
30141065
30141189
30145200
30140065
30145119
30140066
30145031
24140110
30145171
30145081
30141055
30145231
24140117
24140116
30141239
30145079
30145117
30141092
30145086
30141068
30145050
30145082
30141169
30145179
30141178
30141003
30145126
30145212
24140112
30141205
30145058
30141170
24140119
30145177
30145139
30145007
30145090
30145018
30145216
30145154
30141071
30141192
30141152
30141234
30141062
30141188
30140098
30141209
30141173
30141038
30140047
30145129
30145262
24140106
30141030
30141219
30141230
30141257
30145158
30145064
30141199
30141181
30141145
30141004
30141139
30141226
24140107
30141097
30141035
30141243
30145205
24140108
30145220
30145067
30145020
30145183
30141228
30141160
30141197
30145184
30142120
30145034
30141149
30141171
30141033
30145136
30145074
30145166
30145164
30141043
30145204
30145224
30141221
24140105
30145100
30141176
30141198
30145109
30141235
30145210
30145222
30145075
30145015
30145191
30141212
30145161
30141218
30145211
30141056
30145195
30145159
30145235
30141082
30145080
30145167
30145187
30141045
30141220
30140078
30145091
24140101
30145073
24140102
30141185
30145120
30145069
30145188
30141089
30145047
30145111
30141262
30145196
30141196
30145022
30145011
30141159
30145032
30141236
30145215
30141077
30141053
30145096
30145044
30141012
30141186
30145121
30145157
30145250
30141258
30141240
30141187
30145066
30145028
30141083
30145097
30141248
24140121
30145248
30145027
30145045
30145140
30145085
30145236
30145221
30145128
30141216
30145197
30145094
30145225
30141054
30145006
30141021
30145252
30141259
30145240
30145242
30145230
30145076
30141067
30140039
30145214
30145088
24140114
30145052
30145001
30145208
30145003
30145101
30145048
30145040
30145014
30145065
30145068
30145175
30145105
30145241
30141251
30141142
30145078
30141215
30145145
30145180
30145046
30145165
30145041
30141069
30145127
30145213
30145061
30145155
30145223
30145190
30145135
30145036
30145141
30140069
30145083
24140124
24140125
24140126
30145169
30145256
30141027
24140123
30141029
30145234
30141242
30145153
30141141
30141193
30145023
30141050
24140122
30145162
30145147
30145138
30145227
30145244
30145226
30141151
30141046
24140113
30145043
30145021
30145102
30141203
30141074
30145192
30145051
30145115
30145114
30140147
30145099
30141095
30141167
30141049
30141147
30141153
30141206
30141013
30145243
30141081
30141191
30141227
30141144
30141026
30141148
30141037
30141146
30141080
30141010
30141018
30141094
30141057
30141075
30140087
30141015
30140094
30141158
30145257
30141201
30145025
30145049
30145108
30145039
30145098
30145194
30141254
30145193
30145150
30145246
30145107
30145260
30141208
30141247
30141024
30141244
30141237
30141100
30145104
30145070
30141168
24140111
30145185
30141028
30141001
30145218
30145156
30140050
30145247
30145118
30145055
30141210
30145178
30145093
30145249
30145263
30141022
30141066
30145199
30145207
30141063
30141233
30141225
31141207
30145233
30145134
30145251
30141238
24140127
30141059
24140118
30145038
30145113
24140120
30141036
01140301
01140302
01140507
01140705
01140508
01140509
01140604
01140414
01140709
01140308
01140213
01140204
01140205
01140510
01140305
01140401
01140203
01140106
01140304
01140109
01140413
01140513
01140314
01140421
01140315
01140210
01140316
01140420
01140613
01140211
01140716
01140116
01140317
01140615
01140614
01140202
01140511
01140505
01140329
01140405
01140310
01140416
01140711
01140209
01140516
01140309
01140514
01140515
01140215
01140322
01140523
01140524
01140506
01140720
01140520
01140521
01140318
01140425
01140426
01140429
01140718
01140603
01140704
01140105
01140707
01140409
01140208
01140605
01140606
01140512
01140607
01140107
01140610
01140307
01140609
01140708
01140611
01140411
01140410
01140608
01140412
01140115
01140313
01140404
01140206
01140111
01140110
01140612
01140619
01140220
01140207
01140501
01140601
01140502
01140703
01140402
01140602
01140104
01140702
01140303
01140504
01140701
01140403
01140201
01140102
01140103
01140503
01140427
01140528
01140529
01140330
01140219
01140428
01140108
01140714
01140212
01140706
01140518
01140117
01140527
01140218
01140120
01140319
01140320
01140119
01140719
01140618
01140522
01140715
01140713
01140423
01140114
01140424
01140526
01140406
01140710
01140422
01140323
01140216
01140519
01140617
01140214
01140407
91141615
01140408
01140417
01140311
01140517
01140419
01140112
01140113
01140418
01140712
01140312
01140321
01140101
01140616
01140525
01140620
01140430
01140324
01140325
01140717
01140326
01140306
01140327
01140217
01140328
05140401
05140211
05140101
05140201
05140415
05140318
05140433
05140310
05140209
05140110
05140210
05140406
05140407
05140225
05140404
05140305
05140107
05140108
05140206
05140207
05140405
05140315
05140218
05140217
05140414
05140219
05140317
05140316
05140328
05140127
05140128
05140129
05140426
05140227
05140329
05140139
05140436
05140333
05140430
05140431
05140132
05140111
05140409
05140112
05140125
05140118
05140204
05140205
05140438
05140321
05140416
05140323
05140324
05140418
05140417
05140322
05140138
05140137
05140308
05140307
05140437
05140344
05140345
05140228
05140233
05140232
05140142
05140338
05140241
05140337
05140242
05140245
05140208
05140309
05140109
31141016
05140114
05140412
05140312
05140212
05140411
05140313
05140413
05140410
05140113
05140213
05140215
05140115
05140214
05140216
05140314
05140224
05140131
05140339
05140124
05140235
05140320
05140116
05140117
05140145
05140444
05140342
05140103
05140203
05140402
05140302
05140403
05140102
05140202
05140105
05140104
05140243
05140304
05140133
05140244
05140126
05140425
05140439
05140144
05140229
05140226
05140427
05140428
05140429
05140231
05140143
05140340
05140341
05140440
05140441
05140140
05140246
05140343
05140334
05140408
05140443
05140134
05140230
05140330
05140331
05140130
05140303
05140106
05140306
05140223
31141001
05140238
05140239
05140237
05140135
05140136
05140432
05140234
05140319
05140332
05140119
05140220
05140419
05140326
05140325
05140422
05140123
05140121
05140222
05140420
05140120
05140421
05140327
05140424
05140423
05140221
91141608
05140122
91141609
05140141
05140442
05140301
05140434
05140336
05140435
05140236
05140335
05140146
05140445
05140240
05140311
02140120
02140301
02140111
02140207
02140143
31141008
02140208
02140321
02140353
02140209
02140115
02140210
02140316
02140211
02140317
02140318
02140319
02140114
02140129
02140110
02140101
02140109
02140314
02140121
02140342
02140131
02140132
02140349
02140117
02140118
02140323
02140322
02140332
02140124
02140130
02140204
02140335
02140125
02140333
02140214
02140126
02140215
02140334
02140358
02140351
02140350
02140138
02140352
02140139
02140313
02140235
31141022
02140315
02140324
02140212
02140325
02140327
02140213
02140326
02140328
02140329
02140341
02140346
02140140
02140108
02140116
02140331
02140123
02140233
02140234
02140365
02140203
02140105
02140307
02140302
02140104
02140201
02140305
02140303
02140106
02140308
02140306
02140202
02140310
02140304
02140309
02140119
02140205
02140230
02140142
02140357
02140364
02140136
02140359
91141610
02140231
02140113
02140224
02140348
02140363
02140232
02140347
02140134
02140223
02140344
02140135
02140345
02140312
02140206
02140112
02140221
02140122
02140330
02140343
02140222
02140133
02140141
02140137
02140320
02140127
02140338
02140217
02140128
02140219
02140336
02140218
02140216
02140337
02140339
02140340
02140220
02140354
02140107
02140360
02140362
02140361
02140226
02140225
02140227
02140102
02140103
02140228
02140229
02140236
02140355
02140356
15140401
15140601
15140609
15140610
15140307
15140406
15140621
15140409
15140124
15140517
15140224
15140425
15140603
15140507
15140117
15140207
15140606
15140607
15140310
15140115
15140309
15140112
15140204
91141664
15140113
15140508
15140405
15140514
15140619
15140620
15140316
15140515
15140317
15140123
15140516
15140134
15140420
15140332
15140219
15140218
15140135
15140430
15140429
15140338
15140636
15140109
15140311
15140119
15140209
15140312
15140221
15140330
15140632
15140205
15140623
15140305
15140110
15140322
15140410
15140521
15140412
15140626
15140128
15140321
15140411
15140625
15140522
15140624
15140627
15140324
15140519
15140413
15140127
15140325
15140125
15140215
15140416
15140126
15140323
15140214
15140520
15140414
15140415
15140229
15140638
15140426
15140341
15140427
15140345
15140342
15140225
15140639
15140344
15140343
15140346
15140634
15140336
15140646
15140421
31141004
15140315
15140644
15140349
15140350
15140351
15140510
15140206
15140509
15140308
15140114
15140605
15140613
15140211
15140512
15140407
15140611
15140615
15140511
15140612
15140513
15140120
15140313
15140210
15140614
15140121
91141656
15140122
15140616
15140314
15140408
15140617
15140618
91141616
15140428
15140529
15140226
15140347
15140604
15140108
15140306
15140404
15140319
15140213
15140622
15140320
15140518
15140645
17140138
15140438
15140202
15140104
15140501
15140105
15140403
15140303
15140304
15140203
15140106
15140602
15140505
15140504
15140402
15140302
15140107
15140502
15140503
15140111
15140506
15140337
15140534
15140533
15140353
15140355
15140527
31144003
15140422
15140633
15140335
15140223
15140140
15140436
15140230
15140139
15140642
15140641
15140643
15140433
15140434
15140148
15140535
15140354
15140437
15140150
15140635
15140149
15140435
15140118
15140608
15140232
15140212
15140138
15140222
15140333
15140334
15140530
15140526
15140419
15140318
15140329
15140136
15140220
15140147
15140331
15140340
15140208
15140417
15140523
15140129
15140130
15140630
15140216
15140327
15140418
15140628
15140217
15140328
15140132
15140524
15140525
15140133
15140326
15140131
15140629
15140631
15140227
15140431
15140432
15140348
15140531
15140532
15140137
15140143
15140424
15140339
15140141
15140423
15140144
15140142
15140637
15140145
15140101
15140201
15140301
15140102
15140103
15140528
15140146
15140231
15140352
15140228
15140640
17140105
17140210
17140116
17140220
17140226
17140106
17140207
17140109
17140208
17140209
17140115
17140114
17140121
17140405
17140227
17140228
17140125
17140212
17140213
17140224
17140221
17140409
17140222
17140205
17140108
17140107
17140214
17140215
17140113
17140111
17140112
17140217
17140219
17140218
17140216
17140126
17140408
17140123
17140132
17140133
17140130
17140203
17140204
17140101
17140202
17140102
31141005
17140104
17140401
17140206
17140402
17140406
17140407
17140120
17140122
17140127
17140231
17140232
17140128
17140131
17140110
17140211
17140124
17140225
17140103
17140404
17140117
17140118
17140223
17140119
17140129
17140403
31141021
17140201
17140233
91141635
17140229
17140134
17140230
04140214
04140436
31141009
04140105
04140307
04140206
04140106
04140308
04140309
04140405
04140406
04140203
04140204
04140415
91141661
04140116
04140213
04140115
04140428
04140322
04140321
04140320
04140219
04140434
91141620
04140410
04140411
04140215
04140416
04140433
04140222
04140223
04140310
04140403
04140404
04140103
91141642
04140417
04140316
04140119
04140419
04140418
04140216
04140420
04140422
04140315
91141640
04140421
04140122
04140218
04140305
91141643
04140437
04140123
04140221
04140126
04140101
04140205
91141641
04140412
04140312
04140110
04140311
04140209
04140111
04140208
04140413
04140414
04140210
04140112
04140211
31144002
04140113
04140313
04140427
04140324
31141010
04140319
04140102
04140402
04140408
04140314
04140118
04140333
04140444
04140302
04140301
04140201
04140202
04140401
04140303
04140125
04140445
04140332
04140443
04140212
04140114
04140431
04140323
04140432
04140442
04140318
04140438
04140225
04140439
04140128
04140226
04140325
04140407
04140409
04140107
04140108
04140330
04140127
04140109
04140217
04140121
04140430
91141619
04140306
04140117
04140429
04140328
04140326
04140207
04140424
04140423
04140120
04140425
04140426
04140317
04140440
04140304
04140331
04140435
04140334
04140327
04140220
04140441
04140224
04140329
04140104
04140124
18140125
18140130
18140107
18140112
18140122
18140123
18140111
18140106
91141644
18140113
18140115
18140114
18140116
18140135
18140132
18140131
18140109
18140110
18140108
18140134
18140104
18140103
18140101
18140102
18140105
18140126
18140133
18140136
18140137
18140129
18140128
18140124
18140121
18140127
18140117
18140118
18140119
18140120
03140202
03140201
03140203
03140305
03140246
03140247
03140114
03140316
03140248
03140224
03140221
03140306
03140223
03140225
03140307
03140222
03140308
03140215
03140214
03140245
03140244
03140315
03140271
03140321
03140278
03140320
03140230
31141024
03140233
03140231
03140232
03140267
03140253
03140256
03140317
03140258
03140259
03140254
03140255
03140116
03140115
03140257
03140260
03140280
03140281
03140282
03140217
03140286
03140218
03140304
03140107
03140219
03140220
03140312
03140237
03140310
03140238
03140110
03140311
03140314
03140240
03140239
03140313
03140109
03140112
03140236
03140111
03140235
03140243
03140241
03140242
03140113
03140265
03140264
03140266
03140323
03140309
03140250
03140249
03140252
03140251
03140291
03140101
03140207
03140206
03140211
03140103
03140302
03140303
03140104
03140209
03140301
03140102
03140212
03140210
03140208
03140122
03140216
03140287
03140290
31141023
03140288
03140292
03140120
03140227
03140228
03140229
03140108
03140289
03140274
03140275
03140119
03140213
03140105
03140272
03140318
03140273
03140319
03140121
03140270
03140268
03140269
03140276
03140277
03140279
03140261
03140117
03140262
03140263
03140118
03140205
03140204
03140283
31141025
03140234
03140285
03140322
03140284
03140226
03140106
14140101
14140308
14140601
14140204
14140110
14140314
14140617
14140502
14140503
14140111
14140205
14140504
14140406
14140112
14140309
14140510
14140405
14140107
14140606
14140409
14140610
14140210
14140408
14140407
14140615
14140322
14140511
14140616
14140619
14140126
14140217
14140304
14140207
14140310
14140114
14140212
14140211
14140517
14140506
14140518
14140120
14140213
14140214
14140119
14140121
14140317
14140411
91141663
14140118
14140117
14140412
14140618
14140127
14140218
14140325
14140327
14140139
14140624
14140202
14140404
14140303
14140124
14140135
14140109
14140307
14140607
14140306
14140505
14140312
14140313
14140311
14140209
14140208
14140115
14140609
14140613
14140515
14140329
14140222
14140509
14140305
14140116
14140316
14140410
14140315
14140103
14140501
14140604
14140401
14140201
14140402
14140603
14140302
14140403
14140105
14140104
14140605
14140203
14140125
14140328
14140133
14140134
14140221
14140623
14140123
14140614
14140423
31141012
14140612
14140320
14140219
14140421
91141631
14140621
14140131
14140132
14140220
14140138
14140513
14140113
14140206
14140608
14140622
14140136
14140416
14140108
14140106
14140319
14140512
14140323
14140321
14140415
14140216
14140140
14140507
14140508
14140215
14140413
14140611
14140414
14140318
14140122
14140128
14140129
14140419
14140422
14140516
14140417
14140301
14140602
14140102
14140324
14140326
14140418
14140420
14140130
91141662
14140620
14140514
14140137
11140101
11140201
11140103
11140312
11140138
11140150
11140506
11140111
11140109
11140110
11140102
11140402
11140307
11140401
11140114
11140308
11140508
11140501
11140305
11140505
11140108
11140112
11140113
11140405
11140311
11140512
11140124
11140205
11140208
11140132
11140133
11140412
11140211
11140323
11140116
11140117
11140515
11140304
11140144
11140128
11140407
11140130
11140125
11140206
11140408
11140126
11140127
11140316
11140406
11140513
11140129
11140315
11140148
11140147
11140140
11140522
11140324
11140142
11140521
11140141
11140155
11140303
11140322
11140523
11140306
11140507
11140119
11140120
11140118
11140509
11140204
11140121
11140122
11140511
11140510
11140310
11140131
11140145
11140524
11140146
11140325
11140107
11140115
11140314
11140313
11140213
11140525
11140153
11140104
11140105
11140106
11140502
11140202
11140504
11140301
11140302
11140503
11140520
11140139
11140215
11140413
11140210
11140152
11140404
11140212
11140326
11140154
11140403
11140309
11140203
11140518
11140519
11140135
11140321
11140134
11140516
11140209
11140136
11140137
11140214
11140151
11140123
31141013
11140517
11140411
11140320
11140409
11140317
11140514
11140318
11140207
11140410
11140319
11140414
11140149
11140156
31141014
11140143
12140302
12140201
12140301
12140317
12140812
12141031
12141302
12141015
12140813
12140319
12140318
12140321
12140320
12140203
12140323
12141020
12141021
12140322
12140104
12140806
12141507
12140209
12140308
12140103
12141502
12141013
12140804
12140330
12140810
12141030
12140331
12140826
12140112
12141045
12141310
12141311
12140113
12141058
12140360
12140350
12141509
12140348
12141049
12140309
12140807
12140808
12140106
12141024
12141503
12141033
12140335
12140334
12140357
12140312
12141016
12140356
12141019
12140336
12140109
12141038
12140337
12140814
12141035
12141308
12141505
12141040
12141309
12140338
12141037
12141036
12141034
12141307
12141039
12141510
12140822
12140117
12141054
12141053
12140821
12140363
12140825
12141508
12141059
12140314
12140315
12141017
12141303
12140313
12140316
12140805
12141018
12140204
12141028
12141027
12140205
12140206
12140327
12141305
12141306
12141304
12141026
12141029
12140208
12141044
12140816
12140344
12140820
12140345
12140111
12141043
12140347
12141055
12140207
12140108
12140123
12140824
12140122
12140361
12140305
12141009
12141007
12141301
12141003
12140101
12141501
12140202
12141008
12141011
12141006
12141010
12140102
12141005
12140306
12140803
12140307
12141004
12141012
12141050
12141063
12140213
12141066
12141014
12141064
12140214
12141022
12141504
12140328
12140329
12141048
12141047
12140819
12141025
12140809
12140815
12140119
12141313
12140358
12140359
12141061
12140120
12141067
12140362
12141069
12141068
12141065
12140325
12140324
12141023
12140326
12140105
12141312
12140121
12140116
12140349
12140210
12140115
12140114
12140818
12140817
12140311
12140310
12140811
12140107
12140343
12141042
12140332
12141032
12141046
12141057
12140346
12141052
12140211
12140333
12140110
12141041
12141506
12140339
12140340
12140342
12140341
12140823
12140212
12141062
12141051
12140351
12141001
12140801
12140303
12140802
12140304
12141002
12140118
12141056
12141070
12141060
12140353
12140354
12140352
12140355
13140301
13140201
13140212
13140316
13140115
13140306
13140206
13140227
13140129
13140106
13140425
13140207
13140209
13140208
13140210
13140211
13140103
13140402
13140307
13140105
13140107
13140118
13140119
13140407
13140321
13140117
13140408
13140120
13140121
80141605
13140417
13140327
13140128
13140422
13140331
13140130
13140421
13140420
13140229
13140104
13140309
13140313
13140314
13140315
13140112
13140404
13140418
13140410
13140308
13140223
13140428
13140323
13140322
13140411
13140123
13140412
13140124
13140219
13140324
13140218
13140220
13140135
13140333
13140424
13140334
13140133
13140233
13140328
13140228
13140427
13140134
13140336
13140108
13140205
13140311
13140405
13140318
13140319
13140215
13140214
13140406
13140116
13140213
13140216
13140320
13140217
13140426
13140305
13140312
13140403
13140204
13140302
13140102
13140401
13140101
13140304
13140202
13140203
13140303
13140310
13140113
13140114
13140231
13140226
13140416
13140429
13140137
13140235
13140234
13140110
13140329
13140419
13140122
13140127
13140409
13140326
13140225
13140224
13140330
13140132
13140232
13140109
13140111
13140221
13140414
13140125
13140222
13140325
13140413
13140126
13140415
13140136
13140332
13140423
13140131
13140230
13140335
13140236
19140101
19140102
19140201
19140303
19140117
19140118
19140139
19140223
19140140
19140207
19140304
19140108
19140206
19140109
19140110
19140138
19140203
19140302
19140317
19140134
19140316
19140133
19140315
19140141
19140321
19140306
19140208
19140119
19140214
19140120
19140229
19140150
19140326
19140121
19140312
19140125
19140122
91141655
19140310
19140313
19140123
19140311
19140124
19140227
19140145
19140226
19140146
19140320
19140107
19140113
19140112
19140211
19140115
19140307
19140209
19140210
19140114
19140116
19140212
19140308
19140309
19140144
19140329
19140301
19140104
19140105
19140106
19140202
19140205
19140204
19140224
19140154
19140322
19140131
19140327
19140151
19140230
19140328
19140153
19140155
19140152
19140143
19140142
19140319
19140318
19140137
19140136
19140213
19140130
19140132
19140135
19140323
19140324
19140305
19140111
19140215
19140126
19140216
19140314
19140127
19140218
19140217
19140221
19140129
19140220
19140219
19140128
19140222
19140225
19140103
19140228
19140325
19140149
19140147
19140148
07140402
07140101
07140501
07140401
07140409
07140414
07140521
07140116
07140322
07140306
07140422
07140206
07140103
07140309
07140511
07140512
07140410
07140319
07140205
07140529
07140115
07140213
07140423
07140538
07140326
07140532
07140412
07140104
07140530
07140113
07140528
07140114
07140216
07140214
07140314
07140315
07140316
07140211
07140416
07140212
07140110
07140108
07140523
07140109
07140415
07140542
07140536
07140421
07140117
07140118
07140420
07140428
07140209
07140418
07140535
07140120
07140121
07140324
07140307
07140408
07140308
07140510
07140518
07140517
07140413
07140207
07140519
07140105
07140106
07140208
07140516
07140107
07140313
07140520
07140312
07140525
07140526
07140321
07140311
07140513
07140522
07140210
07140122
07140201
07140302
07140405
07140304
07140507
07140404
07140504
07140503
07140505
07140506
07140303
07140202
07140102
07140407
07140305
07140508
07140509
07140426
07140123
07140527
07140419
07140112
07140533
07140515
07140222
07140539
07140223
07140514
07140411
07140328
07140427
07140534
07140217
07140215
07140320
07140531
07140203
07140406
07140537
07140310
07140524
07140111
07140318
07140417
07140317
07140425
07140541
07140327
07140540
07140218
07140301
07140403
07140502
07140219
07140119
07140220
07140323
07140424
07140221
07140325
08140101
08140201
08140202
08140308
08140110
08140214
08140215
08140216
08140309
08140208
08140207
08140139
08140209
08140314
08140313
08140111
08140113
08140112
08140315
08140311
08140306
08140337
08140206
08140107
08140307
08140109
08140120
08140322
08140329
08140136
08140330
08140232
08140230
08140336
08140318
08140332
08140123
08140231
08140305
08140331
08140342
08140341
08140312
08140124
08140126
08140323
08140221
08140125
08140129
08140128
08140325
08140130
08140127
08140222
08140220
08140324
08140237
08140238
08140235
08140338
08140339
08140234
08140145
08140328
08140140
08140310
08140319
08140118
08140320
08140117
08140211
08140116
08140119
08140115
08140212
08140213
08140321
08140138
08140143
08140219
08140122
08140203
08140102
08140103
08140105
08140205
08140302
08140204
08140303
08140104
08140106
08140304
08140245
08140242
08140142
08140227
08140226
08140335
08140343
08140239
08140344
08140240
08140144
08140233
08140141
08140243
08140317
08140121
08140217
08140334
08140333
08140241
08140108
08140218
08140228
08140137
08140229
08140340
08140135
08140210
08140316
08140223
08140326
08140131
08140134
08140132
08140133
08140224
08140327
08140225
08140301
08140236
08140244
08140114
10140201
10140801
10140934
10140305
10140701
10140502
10140606
10140113
10140611
10140718
10140424
10140922
10140604
10140706
10140815
10140207
10140407
10140709
10140936
10140208
10140107
10140209
10140507
10140509
10140708
10140506
10140508
10140943
10140210
10140607
10140920
10140913
10140203
10140306
10140104
10140105
10140204
10140806
10140205
10140605
10140404
10140217
10140814
10140609
10140940
10140329
10140420
10140121
10140327
10140924
10140328
10140224
10140616
10140429
10140428
10140901
10140426
10140310
10140110
10140109
10140711
10140808
10140510
10140820
10140122
10140925
10140419
10140219
10140902
10140331
10140522
10140335
10140403
10140950
10140827
10140521
10140124
10140317
10140919
10140514
10140318
10140116
10140720
10140417
10140324
10140115
10140321
10140320
10140515
10140816
10140721
10140322
10140222
10140817
10140319
10140416
10140941
10140932
10140323
10140614
10140117
10140220
10140910
10140516
10140221
10140905
10140722
10140118
10140824
10140518
10140230
10140728
10140334
10140825
10140627
10140805
10140436
10140126
10140333
10140704
10140503
10140619
10140730
10140339
10140629
10140931
10140505
10140933
10140707
10140807
10140406
10140405
10140106
10140308
10140947
10140810
10140213
10140713
10140111
10140712
10140917
10140715
10140312
10140811
10140411
10140112
10140313
91141659
10140717
10140511
10140215
10140716
10140812
10140412
10140714
10140212
10140311
10140315
10140944
10140314
10140413
10140216
10140813
10140914
10140923
10140512
10140615
10140227
10140430
10140232
10140519
10140623
10140108
10140410
10140710
10140415
10140414
10140114
10140915
10140719
10140218
10140903
10140904
10140829
10140928
10140803
10140703
10140948
10140602
10140302
10140301
10140702
10140103
10140802
10140909
10140304
10140402
10140501
10140303
10140401
10140907
10140804
10140504
10140202
10140603
10140705
10140628
10140309
10140341
10140608
10140822
10140617
10140423
10140330
10140618
10140226
10140425
10140908
10140517
10140336
10140233
10140523
10140123
10140337
10140234
10140431
10140434
10140125
10140945
10140237
10140342
10140632
10140621
10140823
10140828
10140435
10140946
10140631
10140211
10140630
10140433
10140236
10140332
10140620
10140427
10140727
10140235
10140935
10140225
10140422
10140613
10140307
10140513
10140610
10140612
10140316
10140421
10140821
10140520
10140625
10140906
10140326
10140120
10140409
10140723
10140724
10140223
10140726
10140325
10140418
10140725
10140938
10140119
10140819
10140927
10140818
10140912
10140340
10140929
10140338
10140626
10140432
10140228
10140622
10140229
10140102
10140601
10140101
10140624
10140826
10140731
10140524
10140525
10140809
10140231
10140921
10140942
10140937
91141658
10140729
10140343
10140408
09140301
09140401
09140201
09140302
09140402
09140701
09140510
09140211
09140408
09140524
09140322
09140247
09140441
09140556
09140505
09140606
09140511
09140311
09140709
09140513
09140711
09140708
09140213
09140212
09140410
09140512
09140409
09140312
09140514
09140111
09140608
09140710
09140110
09140609
09140515
09140108
09140309
09140707
09140604
09140503
09140208
09140209
09140704
09140605
09140407
09140420
09140419
09140321
09140230
09140717
09140718
09140719
09140123
09140628
09140433
09140629
09140537
09140538
09140244
09140627
09140731
09140539
09140434
09140625
09140626
09140331
09140630
09140550
09140338
09140128
09140449
09140640
09140551
09140544
09140442
09140543
09140735
09140248
09140734
09140610
09140216
09140215
09140411
09140519
09140217
09140518
09140612
09140517
09140611
09140540
09140241
09140721
09140323
09140233
09140624
09140535
09140206
09140458
09140118
09140527
09140235
09140528
09140620
09140325
09140724
09140324
09140426
09140722
09140723
09140621
09140529
09140236
09140427
09140326
09140234
09140622
09140237
09140619
09140425
09140448
09140637
09140635
09140736
09140636
09140251
09140737
09140337
09140549
09140265
09140107
09140632
09140542
09140452
09140343
09140344
09140310
09140705
09140508
09140706
09140607
09140507
09140109
09140210
09140509
09140413
09140220
09140221
09140416
09140316
09140417
09140415
09140713
09140318
09140225
09140223
09140522
09140113
09140317
09140222
09140414
09140319
09140114
09140219
09140224
09140714
09140314
09140315
09140614
09140616
09140320
09140615
09140229
09140523
09140716
09140115
09140227
09140228
09140226
09140715
31141003
09140729
09140240
09140432
09140121
09140330
09140641
09140257
09140339
09140262
09140440
09140638
09140739
09140516
09140720
09140525
09140618
09140423
09140424
09140117
09140232
09140526
09140130
09140456
09140557
09140345
09140421
09140231
09140303
09140105
09140102
09140404
09140306
09140702
09140405
09140601
09140602
09140104
09140502
09140501
09140603
09140204
09140202
09140406
09140203
09140304
09140205
09140307
09140305
09140103
09140106
09140207
09140545
09140443
09140743
09140256
09140520
09140116
09140418
09140439
09140335
09140631
09140613
09140521
09140112
09140218
09140431
09140459
09140340
09140258
09140342
09140642
09140259
09140453
09140341
09140261
09140744
09140264
09140444
09140546
09140634
09140445
09140712
09140214
09140457
09140412
09140446
09140125
09140332
09140126
09140541
09140333
09140246
09140438
09140504
09140308
09140506
09140728
09140120
09140623
09140422
09140617
09140435
09140245
09140436
09140437
09140124
09140732
09140334
09140254
09140253
09140639
09140740
09140255
09140243
09140242
09140536
09140122
09140730
09140127
09140336
09140548
09140633
09140733
09140313
09140725
09140428
09140329
09140531
09140429
09140530
09140726
09140532
09140238
09140327
09140119
09140727
09140328
09140533
09140534
09140239
09140430
09140450
09140558
09140260
09140703
09140455
09140454
09140555
09140249
09140547
09140447
09140250
09140263
09140403
09140101
09140252
09140266
09140346
09140267
09140643
09140741
09140742
09140552
09140553
09140129
09140451
91141652
09140554
21141001
21140101
21140712
21140305
21141002
21140209
21140806
21140807
21140717
21140410
21140316
21140915
21140411
21140315
21140113
21140727
21140634
21140635
21140429
21140741
21141008
21140304
21140608
21140929
21140433
21140107
21140613
21140104
21140105
21140808
21140612
21140906
21140405
21140907
21140905
21140614
21140106
21141009
21141026
21140707
21140804
21140805
21140609
21141015
21140314
21140620
21140817
21140818
21140423
21140828
21140323
21140628
21140421
21140932
21140434
21140639
21140229
21140641
21140127
21141028
21140636
21140729
21140426
21141027
21140406
21140711
21140923
21140723
21141022
21140222
21141016
21140414
21140413
21140809
21141031
21141007
21140607
21140334
21140415
21141018
21140416
21140624
21140318
21140319
21141019
21140320
21140821
21140916
21140215
21141017
21140917
21140918
21140823
21140115
21140822
21140216
21140417
21140719
21140625
21140833
21140430
21140226
21140432
21140431
21140329
21140835
21140928
21140834
21140128
21141030
21141029
21140638
21140734
21141035
21140724
21140803
21140331
21140605
21140404
21140728
21140126
21140914
21140420
21140927
21140327
21140131
21140230
21140935
21140934
21140738
21140132
21140611
21140610
21140207
21140710
21140208
21140310
21140715
21141011
21140617
21140811
21140716
21140407
21140111
21140812
21140908
21140211
21140910
21140212
21141010
21140813
21141013
21140210
21140911
21140112
21140909
21140311
21140714
21141012
21140713
21140810
21140619
21140409
21140618
21140408
21140815
21140313
21140912
21140213
21140913
21140816
21140814
21140312
21140322
21140726
21140306
21140108
21140615
21140412
21140820
21140623
21140114
21140718
21140133
21140937
21140643
21140403
21140110
21140401
21140702
21140203
21140201
21140703
21140402
21140902
21140603
21140604
21140801
21140301
21140302
21140602
21140903
21140204
21140202
21140901
21140705
21141005
21141004
21140704
21140303
21140706
21140103
21140205
21140709
21140904
21140708
21140831
21140832
21140232
21140309
21140827
21140428
21141014
21140124
21141025
21140633
21140321
21140121
21140739
21140332
21140840
21140135
21140644
21140841
21140335
21140235
21140740
21140926
21140637
21140325
21140427
21141033
21140233
21140308
21140109
21140307
21140234
21140936
21140621
21140730
21140925
21140630
21140631
21140324
21140632
21141024
21140223
21140924
21141006
21140606
21140206
21140819
21140317
21140214
21140921
21140829
21140629
21140424
21140725
21140227
21140228
21140130
21140642
21140922
21140123
21140422
21140122
21140125
21140224
21140732
21140328
21140733
21140225
21140622
21140839
21140616
21140720
21140418
21140116
21140217
21140824
21140626
21140919
21140218
21140721
21140825
21140118
21140221
21141020
21140826
21141021
21140722
21140627
21140120
21140220
21140920
21140119
21140117
21140219
21140419
21140836
21140134
21141032
21140802
21140231
21140333
21140731
21140326
21141034
21140425
21141003
21140701
21140601
21140102
21140830
21140930
21140129
21140735
21140931
21141036
21140933
21140736
21140435
21140330
21140737
21140837
21140838
21140640
20140101
20140401
20140301
20140601
20140414
20140210
20140102
20140205
20140411
20140412
20140514
20140515
20140122
20140524
20140427
20140131
20140605
20140709
20140606
20140308
20140211
20140711
20140116
20140307
20140212
20140413
20140712
20140509
20140213
20140115
20140710
20140215
20140214
20140309
20140117
20140206
20140111
20140112
20140704
20140113
20140706
20140207
20140508
20140612
20140317
20140513
20140714
20140611
20140315
20140228
20140316
20140227
20140231
20140421
20140125
20140729
20140527
20140237
20140329
20140727
20140129
20140311
20140713
20140126
20140327
20140216
20140318
20140628
20140621
20140506
20140235
20140613
20140339
20140417
20140418
20140229
20140517
20140320
20140322
20140520
20140615
20140123
20140616
20140617
20140321
20140716
20140518
20140717
20140419
20140719
20140718
20140614
20140319
20140519
20140525
20140233
20140626
20140139
20140140
20140620
20140428
20140730
20140208
20140707
20140114
20140209
20140608
20140314
20140221
20140220
20140607
20140609
20140415
20140313
20140610
20140119
20140219
20140511
20140120
20140512
20140222
20140121
20140224
20140225
20140223
20140330
20140236
20140132
20140334
20140627
20140733
20140523
20140505
20140510
20140310
20140430
20140137
20140240
20140504
20140303
20140602
20140106
20140305
20140702
20140409
20140105
20140201
20140502
20140202
20140107
20140408
20140108
20140404
20140304
20140405
20140410
20140203
20140406
20140104
20140503
20140109
20140407
20140204
20140507
20140603
20140725
20140337
20140630
20140532
20140124
20140425
20140226
20140328
20140128
20140703
20140312
20140218
20140118
20140731
20140336
20140629
20140133
20140135
20140136
20140531
20140239
20140138
20140431
20140625
20140217
20140335
20140631
20140732
20140134
20140530
20140340
20140624
20140424
20140726
20140721
20140723
20140127
20140522
20140521
20140422
20140423
20140622
20140232
20140722
20140623
20140416
20140715
20140306
20140110
20140705
20140708
20140230
20140516
20140326
20140728
20140331
20140234
31141026
20140426
20140632
20140619
20140618
20140324
20140720
20140420
20140325
20140323
20140130
20140633
20140302
20140501
20140701
20140403
20140402
20140103
20140724
20140526
20140432
20140529
20140238
20140338
20140332
20140604
20140333
20140528
20140429
16140102
16140103
16140601
16140401
16140101
16140602
16140114
91141657
16140506
16140509
16140416
16140534
16140435
16140528
16140510
16140112
16140212
16140709
16140511
16140607
16140407
16140110
16140409
16140707
16140415
16140517
16140238
16140244
16140618
16140124
16140123
16140717
16140428
16140122
16140616
16140113
16140608
16140234
16140227
16140518
16140426
16140438
16140130
16140406
16140233
16140437
16140606
16140535
16140229
16140419
16140421
16140420
16140714
16140228
16140519
16140230
16140116
16140521
16140418
16140520
16140117
16140532
16140131
16140531
16140432
16140527
16140433
16140719
16140615
16140136
16140209
16140121
16140222
16140613
16140133
16140210
16140507
16140211
16140111
16140508
16140216
16140514
16140219
16140513
16140218
16140217
16140713
16140515
16140215
16140516
16140220
16140412
16140221
16140414
16140413
16140115
16140232
16140235
16140530
16140240
16140524
16140434
16140620
16140408
16140213
16140710
16140417
16140224
16140226
16140225
16140223
16140427
16140622
16140246
16140135
16140108
16140603
16140204
16140505
16140704
16140105
16140502
16140205
16140501
16140203
16140104
16140705
16140403
16140604
16140605
16140206
16140404
16140208
16140504
16140207
16140402
16140405
16140106
16140706
16140503
16140107
16140617
16140236
16140533
16140439
16140722
16140614
16140716
16140245
31141011
16140609
16140712
16140411
16140118
16140715
16140621
16140241
16140723
16140243
16140242
16140134
16140441
16140431
16140430
16140214
16140410
16140711
16140512
16140440
16140536
31141006
16140119
16140109
16140120
16140425
16140529
16140436
16140126
16140424
16140718
16140610
16140422
16140231
16140523
16140611
16140522
16140612
16140423
16140239
16140127
16140128
16140721
16140132
16140237
16140125
16140619
16140525
16140526
16140201
16140202
16140703
16140702
16140701
16140429
16140720
16140442
16140129
23140202
23140201
23140208
23140101
23140311
23140304
23140110
23140111
23140205
23140204
23140116
23140211
23140212
23140310
23140223
23140315
23140316
23140224
23140127
23140126
23140108
23140207
23140221
23140222
23140220
23140317
23140235
23140217
23140120
23140314
23140218
23140230
23140135
23140134
23140231
23140319
23140107
23140130
23140117
23140137
23140303
23140109
23140307
23140306
23140114
23140115
23140113
23140209
23140308
23140210
23140309
23140125
23140312
23140216
23140313
23140140
23140239
23140103
23140106
23140105
23140302
23140104
23140203
23140206
23140131
23140320
23140219
23140129
23140128
23140138
23140236
23140139
23140237
23140229
23140305
23140112
23140225
23140228
23140226
23140227
23140118
23140213
23140119
23140214
23140124
23140215
23140232
23140318
23140132
23140133
23140121
23140122
23140123
23140136
23140238
23140102
23140301
23140240
23140233
23140234
88144304
88142306
88145607
88143311
88141108
88145906
88143802
88145709
88143704
88142115
88144608
88144706
88143109
88140302
88142003
88144406
88144201
88142114
88140905
88144405
88143505
88143108
88144904
88145203
88142503
88140803
88142430
88142230
88142734
88141607
88143028
88143717
88142636
88141631
88145231
88142317
88144525
88140514
88142622
88145730
88144725
88144125
88144820
88144126
88141736
88143239
88140538
88144216
88145708
88144506
88142001
88142110
88141308
88145909
88142502
88141932
88144536
88142742
88144228
88141133
88142741
88141620
88144417
88141811
88143322
88142215
88145924
88141621
88142707
88143006
88141203
88145007
88140806
88145206
88143206
88141707
88145814
88140605
88141609
88143410
88143122
88143437
88140721
88141635
88140621
88141708
88144809
88142130
88142311
88143207
88142329
88141524
88141827
88141925
88143438
88143638
88144636
88143822
88140123
88142211
88141323
88144122
88142424
88142119
88143316
88144518
88141506
88140804
88140908
88143803
88145712
88144709
88142118
88145713
88145004
88145509
88142805
88141318
88143620
88141317
88144805
88145003
88143816
88144616
88145314
88145722
88142815
88143014
88143511
88140121
88141712
88141713
88143013
88140520
88140812
88145720
88140521
88142417
88140809
88143417
88144516
88143116
88140913
88144721
88142207
88142617
88145212
88142813
88143015
88145721
88142419
88144919
88143818
88145013
88142919
88140312
88141509
88144815
88141808
88145917
88143709
88142012
88145011
88144717
88145618
88144617
88145012
88144515
88144918
88141510
88142420
88143117
88144718
88140811
88142206
88144409
88145826
88143220
88145825
88141320
88143419
88142719
88141212
88144917
88145214
88142205
88140208
88144816
88142616
88145619
88143621
88144719
88145215
88141012
88141913
88142615
88143016
88144720
88144309
88145824
88143218
88141319
88143418
88140810
88140522
88143219
88141413
88144308
88145517
88141116
88140523
88142418
88143817
88142918
88144310
88143221
88142814
88142421
88141615
88145213
88143908
88143512
88145801
88141007
88142005
88140703
88141350
88145806
88143405
88143203
88143406
88145807
88143106
88142701
88140501
88142302
88144602
88141601
88143701
88140401
88142801
88144311
88142920
88143820
88141321
88145918
88140122
88144312
88142423
88145723
88144618
88144920
88143513
88142816
88142422
88144410
88145326
88141730
88142731
88143618
88144127
88142019
88143427
88144021
88143823
88145321
88144923
88141216
88142327
88140322
88144034
88143525
88142637
88142832
88143524
88145533
88143922
88143008
88144012
88144813
88140415
88143421
88140814
88143224
88140815
88142016
88144620
88144412
88145216
88140710
88141511
88142817
88141627
88144428
88144831
88141920
88144207
88141921
88144734
88142028
88145627
88140921
88143432
88141520
88144027
88145840
88145935
88144208
88140922
88145120
88144631
88144931
88141731
88144522
88143133
88143714
88141628
88144737
88140319
88145628
88140130
88141427
88144210
88141222
88143630
88144209
88140129
88142627
88145119
88141129
88142437
88140828
88142243
88144630
88142524
88145023
88144735
88142245
88141937
88142244
88141020
88140531
88145118
88142029
88141330
88141329
88145839
88142030
88144930
88140320
88144736
88141021
88140617
88144539
88142743
88143928
88142342
88143344
88142347
88145540
88143040
88141346
88145642
88144840
88145849
88142453
88145949
88144839
88145030
88141933
88140226
88141833
88142346
88144230
88142452
88140329
88140834
88144231
88143041
88140424
88142038
88145543
88144537
88142838
88144838
88142345
88142744
88142036
88145029
88145541
88140724
88140225
88142037
88145127
88144229
88142942
88144538
88141531
88142343
88144641
88140723
88143929
88143439
88141345
88145542
88145950
88144232
88142642
88144745
88142344
88140835
88145643
88143430
88141626
88140822
88141123
88145833
88144131
88141422
88143626
88142724
88143912
88140715
88145834
88140528
88145733
88143520
88143519
88145220
88145928
88145323
88143323
88140832
88144707
88141819
88141820
88145936
88143433
88143234
88140131
88142246
88145629
88141629
88141630
88140532
88145529
88143233
88144932
88140419
88140221
88145740
88144528
88143921
88140720
88143436
88145937
88145532
88142032
88142326
88142733
88143029
88145232
88145637
88145817
88144305
88144913
88144714
88141611
88142312
88141508
88145514
88143613
88142313
88143010
88145717
88143811
88142140
88144113
88141804
88140308
88145104
88143819
88145913
88141113
88141209
88144612
88143114
88142511
88143713
88144520
88145927
88141420
88145831
88142823
88145322
88140916
88143625
88141721
88142822
88141723
88141015
88141722
88141724
88142226
88141327
88141016
88143428
88144130
88145018
88145114
88144926
88142929
88144727
88143022
88145404
88145832
88145403
88142224
88144925
88142428
88141419
88141625
88144322
88142223
88142225
88144323
88145624
88145922
88142720
88143119
88145522
88144622
88144722
88142139
88145105
88143906
88142715
88140512
88141111
88141918
88143518
88142222
88141917
88143824
88145830
88141624
88144129
88143324
88143910
88140821
88142221
88144419
88142927
88145113
88144022
88142020
88140232
88145901
88143334
88145731
88142625
88145218
88144020
88141431
88140620
88145638
88140926
88143637
88140116
88143614
88145110
88144416
88142725
88144703
88145903
88145306
88141003
88143902
88143105
88140202
88142111
88141606
88144011
88143810
88142138
88142945
88140543
88142645
88142355
88145645
88143807
88143024
88145501
88144541
88140502
88141502
88141716
88141119
88142212
88140209
88141349
88145545
88142944
88144235
88141936
88142352
88145331
88142018
88143139
88144615
88142204
88140325
88144533
88141930
88142442
88140422
88144337
88142446
88144437
88145027
88141526
88141929
88142445
88145125
88145536
88141828
88141737
88143032
88141528
88145946
88144336
88141341
88144219
88143528
88141340
88143925
88140326
88144938
88141024
88143033
88140324
88142528
88143143
88144217
88144037
88143926
88144534
88143640
88142335
88143339
88144218
88141927
88143719
88145943
88141637
88142033
88144638
88140622
88141225
88140541
88144639
88142639
88143641
88145848
88141226
88142938
88142836
88142035
88144038
88142738
88140323
88145126
88145847
88142737
88142640
88141829
88142443
88143036
88144637
88144532
88145741
88145942
88142739
88142641
88140833
88144936
88145026
88143338
88143527
88144937
88145846
88145333
88145742
88143035
88145639
88145332
88144036
88145235
88143639
88145234
88143826
88142332
88142835
88140222
88143240
88145236
88141343
88145535
88143340
88144335
88140540
88143242
88141831
88144338
88145537
88141529
88145944
88142530
88144531
88141830
88142527
88144035
88144221
88144935
88142034
88141131
88140327
88142444
88143241
88145534
88145237
88140223
88142336
88142939
88141638
88144836
88140539
88145945
88145409
88144220
88144743
88140623
88141342
88142529
88141527
88143034
88141636
88142333
88141928
88142526
88142334
88145845
88142834
88141916
88144519
88144723
88144319
88142517
88141417
88141915
88141428
88143434
88140618
88144429
88144030
88144739
88145024
88143137
88142250
88142249
88141022
88141223
88144211
88141821
88142153
88144523
88141822
88142830
88143332
88144430
88145230
88143633
88142252
88142936
88140416
88144029
88141732
88145530
88140213
88145631
88143331
88141331
88144740
88143136
88142631
88145228
88143919
88145229
88140829
88143026
88145630
88140215
88144330
88141332
88145406
88144028
88140533
88141333
88140924
88141922
88142251
88145329
88142632
88142630
88143025
88140214
88140830
88145121
88143135
88142633
88145330
88143632
88144632
88145843
88143333
88143631
88141023
88140216
88145842
88143612
88141403
88141801
88143404
88145829
88145101
88142603
88142002
88141107
88140602
88144507
88145002
88141307
88142112
88143310
88143604
88142113
88145947
88141426
88141904
88143606
88140107
88144708
88143903
88141406
88142406
88142804
88141826
88143426
88142220
88144825
88140125
88145623
88142620
88141503
88142143
88145613
88143644
88141121
88144702
88143304
88145804
88143001
88143601
88145202
88142702
88143303
88142304
88145302
88143401
88142703
88144701
88145201
88140103
88144101
88142901
88141602
88142441
88142833
88144901
88142154
88141926
88144801
88145503
88142745
88143042
88143830
88143645
88140542
88144540
88143440
88145031
88141347
88142040
88141834
88142943
88145337
88145544
88141025
88140230
88141640
88144233
88142039
88142041
88141837
88143345
88142839
88141642
88144339
88145130
88144642
88143530
88140330
88145128
88141135
88142155
88140228
88145129
88140425
88142349
88145745
88141348
88141134
88145644
88141934
88144340
88141935
88141227
88140229
88141835
88145336
88145850
88145951
88144440
88142350
88142454
88140625
88142351
88144841
88142643
88142840
88143930
88140231
88140930
88145952
88145410
88141836
88145338
88144234
88143043
88140227
88140624
88141641
88142348
88144643
88144018
88141614
88140515
88142145
88144117
88143011
88142512
88140309
88143416
88142916
88144017
88145914
88142915
88143616
88140607
88140118
88145616
88140608
88143214
88144119
88141114
88142412
88142613
88141211
88144015
88141411
88143815
88144016
88142147
88141806
88141316
88142149
88142513
88142011
88143708
88145615
88145822
88142717
88144513
88142009
88145915
88142150
88143615
88144116
88142411
88141711
88145617
88142811
88144614
88144716
88142201
88143814
88142414
88141010
88140117
88141210
88141908
88140808
88140518
88140119
88140411
88140310
88141907
88142202
88141807
88142146
88143617
88145614
88141009
88140517
88142413
88143510
88144306
88142917
88142148
88141315
88140516
88143215
88141710
88143216
88143812
88145916
88140606
88145010
88142203
88140120
88140205
88140708
88141412
88144118
88143813
88141410
88142151
88141011
88144814
88144613
88142144
88143907
88142010
88143110
88140106
88141404
88142117
88142307
88143605
88140406
88143506
88140906
88142926
88143624
88144128
88144321
88142321
88144333
88144433
88142325
88142323
88145844
88145123
88145633
88145738
88141734
88144434
88145531
88144436
88141634
88141336
88142438
88144527
88140321
88140218
88145025
88142324
88144332
88145739
88140537
88141430
88143238
88140536
88142322
88144334
88144214
88141735
88140619
88141825
88140831
88141632
88143336
88143138
88140219
88144033
88144526
88145635
88142031
88144435
88142937
88144215
88141429
88143635
88145636
88142439
88145634
88143337
88144741
88141924
88140220
88141633
88140418
88140510
88142416
88141909
88140912
88140207
88143115
88143319
88144307
88143012
88144514
88141911
88141115
88141910
88142812
88140206
88141912
88145601
88144301
88142101
88140707
88143420
88141310
88145107
88143217
88143619
88140311
88140519
88142718
88142614
88143318
88140911
88142415
88143515
88145402
88142924
88141619
88142210
88144121
88141013
88142004
88145608
88145711
88140101
88142628
88145908
88145808
88145939
88143923
88144529
88144742
88145940
88140420
88142328
88145938
88142735
88140301
88145502
88141618
88141415
88141213
88143623
88140513
88142810
88141803
88144912
88143211
88142612
88142723
88143911
88143125
88142022
88142227
88143429
88140917
88144421
88142824
88145929
88145524
88144728
88143230
88141017
88144626
88141124
88145835
88141125
88142820
88140611
88143021
88140818
88145319
88142925
88140314
88141326
88140414
88143228
88140819
88142219
88142218
88140210
88144624
88141719
88143123
88141813
88140526
88145926
88141324
88141325
88142519
88144623
88145622
88142216
88145512
88144408
88144008
88142129
88140110
88143516
88145308
88141516
88143711
88145328
88143321
88141914
88145728
88145016
88140124
88141014
88145727
88140609
88140525
88144818
88145017
88144123
88143120
88142819
88141416
88143212
88142410
88145313
88140115
88141709
88142142
88145905
88143523
88141019
88145221
88145116
88140318
88143130
88141517
88142234
88145405
88144326
88145933
88140529
88144327
88145931
88142932
88145735
88142520
88143628
88140316
88144929
88143627
88143917
88145325
88145115
88144423
88141328
88140717
88141816
88142727
88140128
88145022
88143132
88145117
88141219
88144135
88145736
88145226
88144827
88141424
88143129
88142238
88142826
88143914
88140825
88145525
88144729
88143126
88141728
88144732
88144325
88142522
88142729
88144427
88142935
88143431
88141518
88144024
88145930
88141815
88141425
88140918
88143128
88145626
88141727
88143127
88141818
88144521
88142433
88144133
88142521
88142233
88142231
88142024
88140612
88140824
88144422
88142235
88144023
88143328
88142025
88141018
88142931
88144730
88141817
88143326
88142431
88140317
88145836
88144329
88143232
88143521
88142726
88142237
88144829
88141127
88142232
88140718
88145934
88145837
88140826
88145526
88142933
88140613
88140716
88145222
88142026
88145527
88142728
88140212
88143915
88144328
88144425
88141126
88143131
88145838
88144627
88144828
88142435
88141218
88143329
88144424
88143327
88140614
88145224
88142730
88145223
88144928
88141423
88141726
88142432
88143231
88144132
88141729
88145020
88145227
88141519
88142236
88142436
88145021
88145734
88140823
88144134
88140919
88142934
88142523
88142825
88143916
88142434
88140233
88145225
88142239
88140530
88140827
88141128
88140615
88143522
88145324
88144731
88140616
88144426
88142626
88141217
88145932
88144438
88145510
88142606
88143325
88140127
88142023
88145111
88143301
88140820
88143124
88143425
88141623
88144822
88141207
88145112
88143229
88145320
88143712
88141122
88145219
88140126
88141215
88142213
88142621
88142644
88142623
88144726
88143019
88143227
88144821
88140915
88141120
88145923
88140201
88143103
88141703
88144004
88141605
88140904
88142602
88142802
88144607
88145707
88143104
88145743
88144222
88143037
88144837
88143827
88143341
88145640
88142447
88143023
88144826
88142229
88140305
88142611
88145009
88143009
88142809
88140112
88144911
88140511
88145828
88142017
88142516
88141514
88144318
88143423
88143226
88141616
88143514
88141322
88145519
88140711
88141809
88140524
88142320
88144834
88141717
88143636
88141221
88140920
88143629
88143141
88143924
88143142
88142736
88145811
88143806
88144109
88140603
88142122
88141515
88143320
88142828
88140923
88140132
88140719
88143208
88141204
88140306
88142131
88145207
88144907
88142610
88143609
88143112
88141313
88141109
88141610
88140111
88141314
88145611
88142714
88142713
88140407
88142913
88145103
88141312
88143209
88144908
88144009
88140408
88140807
88145124
88142821
88143909
88145925
88143411
88144420
88142928
88140714
88142722
88141720
88144924
88141814
88142021
88145109
88144609
88140907
88140303
88142405
88141405
88141202
88142909
88140508
88141513
88145820
88144418
88145726
88140304
88144906
88142709
88141802
88142910
88145810
88141507
88142308
88142116
88141903
88144105
88142504
88144508
88143204
88145204
88145102
88141704
88145710
88142605
88142803
88141004
88143312
88145907
88141005
88145508
88141008
88143113
88144914
88142141
88140114
88143706
88140705
88141612
88142407
88142314
88140410
88144114
88142408
88145819
88145211
88144511
88143414
88142409
88145719
88145718
88143415
88145912
88143509
88145515
88144115
88144013
88145818
88141112
88145516
88141613
88140204
88141001
88141501
88143501
88145803
88145802
88142303
88144401
88140102
88143702
88145902
88145001
88141401
88141701
88143302
88142315
88141523
88144331
88142316
88143920
88143027
88141334
88145632
88140534
88145408
88144213
88144635
88144835
88142330
88142638
88144530
88142440
88143718
88143526
88141224
88143030
88141130
88141338
88142331
88143140
88140421
88145941
88145233
88141339
88144019
88142425
88142908
88144915
88142509
88143031
88140409
88142253
88144431
88140217
88140925
88144832
88144032
88145407
88142831
88144634
88144524
88144633
88143634
88141733
88141522
88142525
88143237
88143716
88142634
88141823
88144933
88144934
88142255
88143825
88144031
88144212
88143236
88143235
88144833
88143715
88142254
88143435
88141923
88142635
88145339
88141421
88140527
88145841
88143330
88142629
88144738
88142248
88141521
88143134
88143918
88142732
88140133
88144625
88145732
88144927
88141725
88144711
88142608
88144005
88144806
88142808
88140113
88142914
88144644
88142337
88145538
88143828
88141639
88145238
88144640
88141931
88140328
88143343
88144039
88142940
88144225
88145744
88141530
88142837
88144226
88144223
88145641
88140224
88142740
88144224
88144535
88144939
88142449
88142338
88142448
88141832
88145539
88142941
88143145
88143642
88142340
88140927
88142450
88143342
88143243
88143144
88144227
88140928
88143927
88140423
88143643
88142339
88145028
88141132
88141901
88145301
88142310
88145823
88143107
88145904
88144804
88140105
88144104
88145606
88142604
88142829
88143020
88140817
88145317
88142427
88142624
88141418
88144320
88141622
88144823
88140413
88143121
88143517
88142217
88141718
88144824
88141812
88140713
88145318
88142353
88144940
88141643
88142354
88141532
88141432
88145239
88140725
88141337
88141525
88143244
88143720
88144040
88143829
88145335
88141344
88144744
88143039
88142341
88143245
88143038
88145948
88145334
88143529
88142508
88143608
88142712
88144120
88142126
88144510
88145714
88142912
88142507
88144007
88140203
88144712
88143808
88142711
88145610
88140109
88145511
88140417
88141206
88143213
88144014
88142510
88141205
88145612
88140706
88145106
88144916
88140910
88143707
88142716
88141409
88140722
88144439
88142451
88144819
88141214
88145729
88143018
88145316
88144124
88144724
88143424
88144415
88142426
88144414
88142518
88144206
88141810
88142214
88140610
88145122
88140535
88141335
88140816
88141208
88142721
88144922
88145108
88145014
88142922
88143223
88145015
88141118
88142619
88142013
88144313
88141714
88141117
88145725
88145724
88145919
88144314
88145518
88144315
88140412
88143017
88142015
88140813
88144411
88145620
88144921
88142014
88142921
88143710
88142923
88142208
88142102
88141101
88144404
88144302
88145705
88144705
88141301
88144501
88144002
88140503
88140802
88144604
88143801
88144903
88140505
88145702
88143202
88143402
88142403
88140504
88142404
88141302
88144001
88140506
88140507
88141306
88144505
88143309
88141504
88145507
88143504
88145602
88142501
88143307
88142601
88141103
88141002
88145604
88140403
88143102
88142706
88143306
88141105
88144606
88142109
88142402
88144802
88143305
88144603
88140601
88145504
88141902
88141702
88140902
88142107
88144003
88143003
88142106
88145701
88143901
88144803
88144902
88142108
88145305
88143502
88144503
88144502
88140702
88142904
88144504
88142704
88142907
88144102
88143201
88142902
88141505
88145805
88142905
88140405
88141402
88144605
88145605
88141104
88144704
88140404
88143503
88141603
88143602
88144402
88143101
88141305
88144103
88142906
88142305
88143403
88140903
88143002
88141106
88145506
88140402
88145603
88140104
88142401
88141102
88145703
88142105
88141303
88140801
88143308
88145303
88145304
88142705
88144403
88142104
88141604
88143703
88144303
88145505
88140701
88142903
88142103
88145704
88145706
88143603
88141304
88140315
88143913
88145625
88145019
88140211
88142228
88142429
88142930
88141919
88142008
88141805
88144205
88145210
88144715
88144512
88145821
88144628
88142240
88145205
88145715
88143809
88145309
88142127
88145006
88144610
88145911
88141905
88141311
88144112
88144808
88144203
88142128
88145813
88142827
88142247
88142124
88142125
88144006
88140909
88143314
88145005
88142710
88143409
88144509
88141706
88141006
88142609
88145609
88140805
88144111
88140509
88143705
88143205
88142506
88142309
88140108
88141309
88143111
88140604
88143315
88145812
88144432
88142318
88142319
88145737
88141824
88144517
88140914
88141617
88142514
88142515
88145520
88143821
88141715
88143118
88145827
88144413
88140313
88144817
88141512
88144317
88145621
88145217
88140712
88144621
88143225
88142209
88145921
88142152
88144316
88145521
88143622
88141414
88142818
88145920
88143422
88143805
88144905
88144807
88143408
88144106
88144202
88144710
88142505
88142121
88142708
88143804
88142806
88142807
88143607
88145809
88141705
88143005
88143004
88145910
88142120
88145401
88144108
88144107
88143313
88143407
88141220
88144830
88145528
88144026
88144629
88142242
88142027
88144025
88144733
88145327
88142241
88142618
88143222
88145315
88144601
88141201
88142301
88140901
88143507
88143412
88143413
88143210
88141407
88144204
88142006
88145815
88144910
88142136
88143508
88145513
88143610
88144909
88142137
88143317
88143611
88140545
88141906
88142135
88141408
88145310
88144611
88142007
88144812
88145311
88141110
88142132
88142133
88144713
88145209
88140307
88143007
88142134
88143905
88145008
88145816
88144010
88145716
88145312
88144811
88144810
88145208
88140704
88140709
88144407
88142607
88141608
88144110
88143904
88142123
88145307
88142911
06140113
06140410
06140411
06140205
06140327
06140106
06140310
06140110
06140311
06140312
06140406
06140203
06140401
06140307
06140107
06140115
06140409
06140319
06140417
06140421
06140124
91141649
06140418
06140214
06140213
06140215
06140112
06140407
06140216
06140220
06140209
06140210
06140119
91141648
06140118
91141605
06140202
06140114
06140128
06140109
06140308
06140404
06140108
06140309
06140405
06140313
06140408
06140314
06140204
06140415
06140201
06140305
06140315
06140207
06140117
06140208
06140316
06140322
06140328
91141604
06140302
06140101
06140102
06140303
06140103
06140104
06140403
06140304
06140402
06140105
06140306
06140111
91141623
06140122
06140130
06140129
06140123
06140321
06140217
06140423
06140219
06140329
06140323
06140320
06140212
06140206
06140116
06140416
06140420
06140121
06140419
06140412
06140413
06140414
06140211
06140318
06140120
06140317
06140422
06140301
06140125
06140324
06140330
06140126
06140325
06140127
06140326
22140601
22141001
22140602
91141618
22140707
22140101
22140812
22141903
22141107
22141019
22141114
22141115
22140516
22140126
22140314
22141913
22140328
22140653
91141637
22140652
22140739
22140843
22140304
22140807
22140610
22140211
22140518
22140315
22140306
22140614
22140117
31141019
22141904
22140116
22140215
22140615
22140118
22140616
22141012
22141013
22140510
22140813
22140114
22140210
22140709
22140507
22141011
22141005
22140505
22140708
22140821
22140808
22140113
22140609
22140209
91141626
22140806
22140112
22141105
22141901
91141622
22140212
22140226
22141112
22141113
22140917
22140631
22140723
22140722
22140224
22140515
22140125
22140225
22140234
22140735
22140522
91141665
22140831
22140523
22140649
22140235
22140142
22140326
22140141
22141125
22141926
22141032
22141131
22140153
22140152
22140611
22140745
22141921
22140309
22140329
22141920
22141127
91141653
22141027
22140241
22140208
22140910
91141645
22140620
22140619
22140816
22140119
22140815
22140833
22140316
22140164
22140650
22140526
22140928
22141133
22140935
22140335
22140111
22140509
22140613
22140717
22140716
22140162
22140634
22141021
22140318
22140824
22140726
91141633
22140635
22140317
22140920
91141638
22141119
22140319
91141669
22140636
22140638
22140227
22140130
22140228
22140131
22141118
91141630
22140129
22140637
22140728
22140520
22140727
22140229
22140159
22140662
22141034
22140248
22140147
22140740
22140244
22140531
22140529
22140528
22140530
22140836
22140741
22140148
22140149
22140837
22141129
22140657
22140532
22141030
22141135
22141915
22140810
22141916
22141104
22140905
22140109
22140240
91141647
22140934
22140661
22140840
22140161
22141035
22140612
22140508
22140213
22140713
22140714
22140115
22141902
22140214
22140715
22141009
22141010
22140811
22140711
91141651
22140712
22141106
22140624
22140512
22141907
22141905
22140721
22140626
22140511
22141017
22140913
22140720
22140623
22141906
22140221
22140625
22140122
22141110
22140819
22140312
22140311
22140121
22140219
22141016
22140912
22140513
22140222
22140310
22140217
22140621
22140818
22140120
22140622
22141015
22140218
22141018
22140915
22140914
91141621
22140123
22140629
22140628
22140627
22140313
91141670
22140514
22140820
22140924
22140732
22140645
22140829
22140828
22140929
22140144
22140738
22140157
22140158
22140838
22140150
22140710
22140305
22140904
22140108
22140718
22140307
22140908
22140617
22140216
22140519
22140633
22141910
22140823
22140919
22140127
22141911
22141117
22140725
91141617
22140128
22140822
22141020
22141132
22140846
22140339
22140340
22141928
22140668
22140847
91141636
22140338
22140535
22140901
22140302
22140503
22140701
22140202
22140203
22140103
22140705
22140207
22140902
22140803
22140608
22140802
22140703
22140504
22140702
22140501
22140704
22140205
22141004
22140303
22140204
22140502
22140605
22140606
22140604
22141103
22140105
22140804
22141102
22140104
22141003
91141624
22140206
22140107
22140106
22140903
22140607
22140805
22140906
22140506
22141007
22140907
22140110
22141006
22140654
22140527
22140534
22140746
22141136
22141033
22140664
22140841
22140748
22141037
22140140
22141024
22140325
22140733
22140925
22141028
22140930
22140916
22141111
22140223
22141908
22140630
22140124
22141919
22140737
22140239
22140143
22140835
22140911
22140719
91141646
22141014
22141123
22140827
22140324
22140246
22140663
22140160
91141634
22140936
22141134
22140844
22140249
22141036
22140337
91141628
22141137
22140747
22140666
22140939
22140814
22140330
22140845
22141108
22140909
22140308
91141668
22141109
22140618
22140665
22140937
22140706
22140242
22141029
22140938
22140524
22141025
22141917
22141126
22140237
22140736
22141918
22140238
22141026
22141008
22140809
22141909
22140918
22140139
22140323
22140517
22141116
22140724
22141124
22140830
22140236
22140832
22140927
22140327
91141639
22140333
91141654
22140151
22141031
22140659
22141914
22140734
22140926
22140646
22140647
22140648
91141625
22141128
22140146
22140656
22140632
22140525
22140321
22141023
22140729
22140639
22140231
22140640
22141022
22140320
91141627
22140921
22141120
22140232
22141121
22140922
91141667
22140643
22140642
22140641
22140132
22140521
22140138
22140731
22140137
22140825
22140923
22141122
22140134
22140133
22140730
22140135
22140136
22141912
22140233
22140826
22140322
22140644
22140154
22140245
22140848
91141629
22140842
22140336
22140834
22140651
22140331
22141922
91141650
22140332
22140931
22140145
22140655
22140932
22140243
22140163
91141666
22140667
22140603
22140201
22140301
22141101
22141002
22140102
22140801
91141660
22140742
22141923
22140839
22141130
22140658
22141925
22141924
22140536
22140341
22141038
22140817
91141632
22140334
22140743
22140933
22141927
22140156
22140533
22140660
22140155
22140744
22140247