18100512
18100513
18105031
18101324
18103320
18101231
18101908
18105029
18101947
18104231
18104440
18103116
18103915
18102430
18105047
23100201
05100404
05100501
21100802
05100503
02100207
05100302
20100311
05100602
22101913
05100911
08100138
05100803
05100711
22100811
05100123
05100805
05100804
05100806
05100304
20100411
05100601
05100504
02100311
03100407
21100709
05100807
22101908
05100502
21100215
22101012
05100510
19100328
21100426
21100831
05100907
14100326
05100309
05100912
20100624
05100311
05100312
05100610
19100215
12100114
13100208
05100808
05100908
05100909
05100506
05100703
05100704
05100310
05100412
20100520
20100620
05100505
11100302
05100713
08100217
05100913
17100208
05100705
05100811
05100810
05100604
05100809
19100320
19100410
05100603
20100214
21100118
05100319
03100427
05100712
05100314
05100315
12101331
02100422
05100614
10100727
16100721
05100801
20100143
05100414
05100714
07100226
05100514
04100321
05100305
05100405
04100107
05100507
20100320
05100307
05100606
05100605
21100721
05100306
05100406
05100706
01100210
17100116
05100407
04100209
16100215
24100119
05100409
09100315
21100723
05100408
08100133
21101017
05100611
05100715
20100241
05100609
05100902
20100221
05100509
05100508
17100201
05100916
15100644
22100842
05100321
05100816
05100802
23100303
19100204
09100302
05100301
05100402
05100403
05100701
05100901
14100406
05100702
20100605
20100136
14100333
03100429
21100740
10100733
17100146
11100174
05100613
05100612
20100621
16100129
01100420
05100516
05100814
09100242
05100616
05100147
05100320
23100240
16100724
03100436
16100726
06100130
22100631
05100615
05100915
05100815
05100415
05100710
01100422
05100910
05100513
05100512
20100323
05100812
05100308
05100413
13100320
02100233
17100202
07100526
16100523
05100511
05100316
05100317
04100223
05100608
16100124
05100707
05100708
05100904
19100230
23100224
08100126
05100906
10100619
05100709
20100223
05100411
01100416
05100905
05100410
05100813
03100434
16100132
20100434
21100841
16100320
05100401
05100318
05100416
12101428
07100125
05100716
05100914
22100727
31101014
31101013
31101005
31101006
31101008
31101010
31101004
31101011
31101009
14100526
24100101
24100102
24100107
24100106
24100123
24100111
14100620
30101236
24100132
24100114
24100112
24100115
24100113
24100128
24100129
30105165
24100108
24100116
30101157
24100117
24100118
24100124
03100303
30100151
30101119
24100137
24100104
24100103
24100105
24100125
24100133
02100338
24100134
24100127
24100126
02100232
24100120
24100121
24100122
30101003
24100135
24100136
24100131
01100401
01100101
01100501
01100402
07100207
01100306
01100504
01100110
01100408
01100423
01100514
01100126
01100214
01100602
01100205
01100603
01100307
01100106
01100308
01100107
01100312
01100309
01100403
01100310
01100404
01100405
01100604
01100206
01100112
01100605
01100505
01100111
01100506
01100113
01100513
01100318
14100619
01100212
01100424
01100127
01100215
01100122
01100123
01100301
01100406
15100508
01100302
01100131
01100614
01100613
01100121
01100213
01100114
16100212
01100409
01100207
01100209
01100411
01100413
01100115
01100507
01100313
01100116
01100412
01100208
01100314
01100410
01100134
03100426
01100128
01100324
01100323
01100426
01100425
01100327
01100219
01100220
01100103
01100320
01100108
01100407
01100109
01100315
01100508
02100114
01100509
02100217
01100414
01100510
01100117
01100511
01100607
01100608
02100326
01100427
01100132
01100303
01100321
01100615
01100330
14100303
03100204
14100305
01100104
01100502
01100305
01100105
01100202
01100304
01100503
01100203
01100133
10100432
16100318
01100617
14100630
01100319
01100421
01100218
01100328
01100329
01100135
01100516
08100153
01100311
14100311
01100430
01100616
01100431
01100515
01100325
01100216
01100124
08100247
01100512
02100327
01100612
01100428
01100322
01100125
01100129
01100118
01100211
03100321
01100317
01100418
01100417
01100120
01100609
01100316
01100119
01100429
01100204
01100601
01100102
01100201
01100130
01100432
01100326
01100217
05100114
03100404
19100309
03100210
14100605
05100102
02100309
05100127
24100109
05100104
01100419
05100139
05100141
02100328
05100105
05100140
05100113
02100429
05100150
05100130
05100128
05100107
05100106
05100129
05100131
05100142
05100143
20100334
07100539
05100121
05100149
05100313
02100334
05100124
05100103
02100109
22100707
03100416
05100132
05100109
05100108
03100318
05100133
05100134
24100130
03100305
05100125
05100135
05100136
05100120
08100205
05100122
05100115
05100146
05100110
14100622
05100118
02100235
19100335
02100214
05100119
05100148
05100137
02100417
05100144
03100325
05100116
05100111
05100138
08100128
09100318
05100112
02100236
05100101
15100101
08100211
05100117
02100215
02100301
02100225
02100407
02100205
02100209
02100106
02100210
02100208
02100408
02100308
02100406
02100410
02100317
02100318
02100223
02100324
02100331
02100419
02100108
02100107
02100110
02100420
02100302
02100111
02100216
02100112
02100113
02100129
02100125
02100229
02100134
02100121
02100404
02100212
02100314
02100218
02100116
02100219
02100413
02100414
02100118
02100220
02100104
02100304
02100305
02100306
02100203
02100103
02100307
02100204
02100310
02100206
02100221
02100122
02100425
02100339
02100131
02100340
02100130
02100329
02100227
02100330
02100405
40107129E
02100224
10100224
02100418
02100234
02100119
02100120
02100322
02100321
02100415
02100222
02100432
02100428
02100126
02100202
02100401
02100303
02100123
02100127
22100733
02100128
02100133
15100301
15100601
21100107
02100201
15100507
15100414
15100309
15100611
15100321
15100320
15100514
15100438
15100350
15100535
15100231
15100457
15100413
15100109
15100415
15100417
15100311
15100310
15100416
15100208
21100110
15100110
15100625
16100102
15100302
15100209
15100106
15100107
15100610
15100312
20100208
15100323
16100115
15100421
15100116
20100415
15100324
15100515
15100422
10100208
15100516
07100108
15100322
15100341
15100629
15100628
15100224
15100528
15100626
15100627
15100434
15100223
15100433
15100351
15100352
15100440
15100353
15100536
15100347
15100225
15100530
15100111
06100204
15100313
15100314
15100128
15100630
15100212
15100423
15100325
15100517
15100348
15100403
15100202
09100238
15100541
15100232
15100509
15100142
14100609
15100117
15100456
15100213
15100327
15100424
15100329
15100326
15100328
15100118
15100616
15100519
15100518
15100543
15100228
15100135
15100229
15100354
15100537
15100442
15100441
15100136
15100137
15100450
15100112
15100646
15100130
15100365
15100361
15100362
15100510
15100316
15100315
15100317
15100114
15100613
15100113
15100318
20100313
12101306
15100511
15100418
15100210
15100115
15100612
15100520
15100617
15100330
15100425
15100618
15100426
15100216
15100331
15100332
15100215
15100521
15100217
10100520
15100522
15100120
15100119
15100435
15100143
15100453
15100643
15100342
15100355
15100602
15100512
15100419
15100614
15100211
15100427
15100121
20100121
15100219
15100619
15100428
15100620
15100218
15100122
15100131
06100227
15100151
15100645
16100137
15100454
15100455
15100123
15100603
15100305
15100369
10100102
07100201
15100404
15100503
15100308
20100503
15100604
15100407
15100103
15100204
15100405
15100411
15100408
15100409
15100406
15100102
15100206
15100410
15100504
15100304
15100104
15100307
15100607
15100207
15100306
15100608
15100412
15100606
15100605
15100505
15100609
15100506
15100205
15100363
15100615
15100635
15100356
15100641
15100513
15100234
07100534
15100357
15100621
15100132
15100134
15100133
15100349
15100632
15100452
15100523
15100429
15100124
15100220
15100343
15100538
15100366
15100642
15100146
15100147
15100544
15100149
15100150
15100367
15100368
15100637
15100636
15100358
15100148
15100319
15100545
15100451
15100443
15100539
15100633
15100226
15100534
14100631
15100533
15100532
15100227
15100105
15100420
20100122
15100622
15100344
15100436
15100638
15100444
15100138
15100345
15100437
15100529
15100129
15100346
15100631
15100634
15100445
15100639
15100640
15100139
15100524
15100334
15100126
15100125
15100430
15100335
15100431
15100525
15100337
15100623
21100222
15100339
15100338
15100336
15100222
15100432
07100221
15100340
15100624
15100527
15100127
15100526
15100221
02100427
03100245
15100233
15100140
15100359
15100448
15100446
15100447
15100230
15100235
15100401
15100501
15100402
15100303
15100201
15100502
15100540
10100632
15100141
15100360
15100449
15100364
15100542
15100144
15100145
08100149
15100108
17100105
17100437
17100132
20100138
17100429
17100213
17100207
17100108
17100438
17100211
17100106
17100413
17100440
17100107
17100112
24100110
17100443
17100416
17100444
17100127
17100129
17100418
17100125
17100126
17100128
02100124
17100136
17100109
03100323
17100130
17100425
17100410
17100110
17100217
17100131
17100411
17100113
17100409
17100114
17100218
17100149
03100249
17100406
17100133
17100134
17100447
17100419
17100446
17100421
17100420
17100214
17100412
17100115
17100117
17100118
20100528
17100140
17100417
02100213
17100119
17100415
17100401
17100120
17100144
17100148
17100111
17100101
17100441
17100103
17100102
17100104
17100442
17100431
17100427
17100402
02100230
17100137
17100436
17100145
17100430
17100215
17100426
17100407
17100205
17100147
17100432
17100433
17100408
03100424
17100424
17100135
17100445
17100209
17100204
17100121
17100422
17100138
17100439
17100122
17100216
17100123
17100404
17100403
17100405
17100434
17100124
17100435
17100414
17100219
17100210
17100139
04100324
03100248
17100423
17100220
17100141
03100336
17100142
17100143
17100203
04100401
04100304
04100514
04100217
04100510
04100306
04100206
04100307
04100405
04100406
04100507
04100202
04100508
04100308
04100310
04100515
04100525
04100420
04100419
04100402
21101112
04100421
04100537
04100415
08100132
04100516
04100518
04100517
04100426
04100422
07100121
04100530
04100319
04100218
04100529
04100531
04100214
04100527
04100511
04100208
04100407
04100311
04100410
04100312
04100519
16100216
04100215
04100526
02100325
04100423
04100501
04100302
04100502
04100408
04100309
04100520
04100313
04100411
04100314
04100521
04100219
04100323
04100429
04100504
04100505
04100503
04100403
04100203
07100202
04100303
04100404
04100506
04100204
04100205
04100412
04100418
04100509
04100532
04100427
04100220
04100224
04100316
04100322
04100222
04100539
04100428
04100533
04100424
04100512
04100513
04100216
04100305
04100317
04100417
04100416
04100221
03100241
04100413
04100414
04100212
04100211
04100315
04100522
04100213
04100523
04100524
04100534
04100538
04100425
04100535
04100201
04100301
04100528
04100536
04100320
04100103
04100104
20100108
04100207
04100112
04100111
04100113
04100121
08100239
04100122
04100106
09100309
04100115
04100114
04100124
04100125
04100108
04100116
10100517
04100117
20100321
04100123
04100126
04100118
10100436
04100102
04100101
02100431
04100129
04100109
04100110
04100127
08100141
04100119
04100120
03100418
22100325
22100127
04100128
04100130
04100131
18101301
03100301
03100422
03100338
03100405
03100406
03100211
03100228
03100207
03100310
03100408
03100216
03100229
03100322
03100328
03100339
03100425
03100326
03100401
03100402
03100410
03100230
03100231
03100201
03100324
03100334
03100431
03100340
03100312
03100217
03100413
03100218
03100414
03100220
03100221
03100428
03100238
03100239
03100236
03100250
03100423
03100335
03100313
03100212
03100213
03100315
03100224
03100222
03100223
13100414
03100317
03100415
03100316
05100607
12101326
03100432
03100247
03100304
03100214
03100225
03100319
03100341
03100202
03100306
03100205
03100308
03100203
03100438
03100208
03100209
03100233
13100233
03100330
03100234
13100431
03100342
03100411
13100309
03100243
03100327
03100235
03100417
03100240
03100320
03100227
12101317
03100226
03100244
03100430
03100302
03100333
03100437
03100435
03100242
03100337
14100301
14100401
14100601
14100201
14100302
14100101
14100602
14100105
14100506
10100510
14100409
14100616
14100624
14100625
14100139
14100129
06100201
14100307
14100207
14100106
14100606
14100617
14100206
14100405
14100107
14100507
14100508
14100313
14100113
14100312
20100315
13100408
04100409
14100112
14100411
14100114
14100410
14100210
14100424
14100325
14100618
13100419
14100218
14100124
14100426
14100125
14100126
14100425
09100122
14100225
14100130
14100220
14100328
16100711
14100402
14100407
14100308
14100309
14100108
14100127
14100314
01100611
14100603
14100523
03100412
14100315
14100510
14100116
14100412
14100115
14100317
14100316
14100610
14100413
05100903
14100211
14100414
14100229
14100131
12101118
14100132
02100228
14100331
14100431
14100632
02100332
14100518
14100226
14100332
12101330
14100208
14100335
14100143
14100204
14100327
14100428
14100221
14100432
14100310
14100109
14100318
14100416
14100117
14100212
14100611
14100319
14100415
14100511
14100417
14100118
14100119
14100213
14100138
20100427
14100133
14100607
14100509
14100408
14100209
14100320
14100214
14100120
14100222
14100626
14100134
14100434
14100639
14100306
14100304
14100502
14100205
14100404
14100103
14100604
14100503
14100403
14100104
14100519
14100140
14100524
14100427
14100110
14100215
14100627
14100329
14100628
14100629
14100505
14100321
14100418
14100621
14100219
14100141
14100230
14100231
14100525
14100638
14100111
14100608
14100142
14100429
14100223
14100330
14100513
14100512
14100216
14100128
14100520
14100517
14100623
14100135
14100521
14100419
14100430
14100334
14100121
14100217
14100514
14100322
14100515
14100613
14100614
14100123
14100323
14100615
14100423
14100422
14100324
14100421
14100122
14100420
14100516
14100227
14100433
03100246
14100522
14100228
14100136
14100634
14100640
14100102
14100203
14100501
14100224
14100137
14100435
14100637
14100635
11100605
11100606
11100148
11100208
11100406
11100113
11100114
11100602
11100115
11100507
11100502
11100116
11100119
11100201
11100120
11100309
11100144
11100145
11100155
11100154
11100168
11100156
11100603
11100121
11100310
11100111
11100408
11100202
11100125
11100123
11100122
11100505
11100127
11100402
11100129
11100126
11100506
11100607
11100203
11100306
11100124
11100128
11100169
11100157
11100160
11100407
11100158
11100159
11100503
11100102
11100117
11100305
11100504
11100130
11100131
11100135
11100132
11100403
11100134
11100608
11100136
11100137
11100204
11100307
11100138
11100205
11100609
11100139
11100308
11100404
11100207
11100619
11100147
11100146
11100161
11100610
11100140
11100620
11100149
11100303
11100501
11100103
11100106
11100104
11100601
11100107
11100108
11100109
11100304
11100110
11100105
11100112
11100170
11100412
11100175
11100150
11100509
11100151
11100152
11100311
11100409
11100171
11100410
11100413
11100210
11100176
11100618
11100312
11100313
11100162
11100604
11100118
11100172
11100173
11100411
11100153
11100401
11100141
11100611
11100612
11100508
11100405
11100163
11100165
11100164
11100617
11100142
11100613
11100614
11100206
11100616
11100143
11100615
11100167
11100166
11100101
11100209
11100314
12101401
12100701
12100101
12100716
12101101
12101405
12100108
12101202
12101304
12100111
12101408
12100717
12100120
12100119
12101109
12100158
12100159
12100177
12100176
12100705
12100109
12100709
12100710
12101103
12100812
12100112
12100113
12101305
12100811
12101406
12100711
12100603
12100121
12100807
12101201
12100706
12100808
12100604
12101308
12101309
12100819
12100606
12100122
12100123
12100734
12100148
12100836
12101318
12100835
12101319
12100735
12101320
12101110
12100837
12100841
12101421
12100611
12100160
12100161
12100739
12100740
12101420
12101329
12100162
12101325
12100737
12100839
12100115
12101407
12100736
12100718
12100124
12100125
12100746
12100612
12100601
12100110
12100822
12100721
12100127
12101105
12101203
12100820
12100126
12100129
12101205
12100719
12100607
12101409
12100823
12100723
12100130
12100722
12100825
12100821
12100720
12101106
12100824
12101204
12100847
12101426
12101116
12101117
12100842
12100748
12100186
12101427
12100185
12101321
12100178
12100747
12100846
12101424
12100813
12100713
12100814
12100605
12100712
12101207
12101310
12100724
12101311
12101410
12100826
12100726
12100827
12101206
12101411
12100725
12100131
12101313
12100608
12101312
12100828
12100729
12100134
12100133
12100617
12100136
12101107
12101208
12100135
12100728
12100727
12100137
12101412
12100132
12101112
12100613
12100149
12100163
12101301
12100815
12101307
12101104
12100116
12100138
12100829
12101413
12101314
12100730
12100164
12100848
12100183
12101429
12100184
12101402
12100802
12100804
12100703
12101303
12100805
12100105
12100803
12100106
12101102
12101403
12100104
12100806
12100704
12100103
12101404
12101302
12100707
12100809
12100602
12100708
12100165
12100179
12100749
12100850
12100849
12100750
12100616
12100816
12100714
12101323
12101422
12100166
12101315
12101327
12100610
12100151
12101419
12100738
12100152
12100810
12100830
12100139
12100150
12100741
12101332
12101119
12101120
12100751
12100180
12100851
12101336
12101335
12100752
12100852
12100753
12100167
12100843
12100182
12100818
12100117
12100118
12100817
12100168
12100181
12100140
12100153
12101210
12101328
12100154
12100155
12101114
12101211
12101113
12100156
12100107
12100715
12100731
12101316
12101416
12101417
12101111
12100838
12100157
12100742
12100169
12101212
12100170
12101324
12101418
12101209
12101115
12100743
12101423
12100744
12100141
12101414
12100143
12100142
12100733
12100145
12100144
12100732
12100146
12100609
12100831
12101108
12100833
12100832
12101415
12100834
12100147
12100755
12100171
12101121
12100615
12100840
12100844
12101333
12100102
12100801
12100702
12100173
12100745
12101334
12100845
12100754
12100853
12100614
12101213
12100174
12100175
12101425
13100101
13100201
13100102
13100402
13100330
13100423
13100106
13100206
13100107
13100137
13100304
13100307
13100111
13100211
13100112
13100113
13100311
13100420
13100120
13100220
13100429
13100225
13100321
13100122
13100105
13100312
13100222
13100302
13100109
13100229
13100409
13100114
13100115
13100116
13100313
13100314
13100325
13100326
13100138
13100135
13100235
13100131
13100315
13100412
13100215
13100209
13100413
13100216
13100117
13100316
13100415
13100217
13100317
13100118
13100327
13100318
13100231
13100134
13100234
13100119
13100303
13100404
13100103
13100104
13100203
13100322
13100127
13100430
13100123
13100219
13100331
13100432
13100334
13100226
13100133
13100204
13100110
13100210
13100223
13100422
13100323
13100224
13100319
13100324
13100125
13100426
13100121
13100328
13100333
13100416
13100417
13100418
13100332
13100128
13100433
13100403
13100202
13100427
13100129
13100428
13100228
13100236
13100230
13100310
13100221
13100305
13100306
13100421
13100108
13100213
13100212
13100214
13100335
13100434
13100218
13100405
13100232
13100124
13100205
19100201
19100401
19100301
19100402
19100202
19100233
19100234
19100210
19100214
19100313
19100311
19100312
19100308
19100211
19100326
19100231
19100420
19100428
19100235
19100407
19100216
19100239
19100315
19100319
19100411
19100314
19100219
19100409
19100317
19100221
19100318
19100316
19100220
19100333
13100424
19100236
19100241
19100425
19100408
19100217
19100218
19100223
19100412
09100313
19100225
19100321
19100224
19100322
19100226
19100413
19100414
19100329
19100334
19100323
19100330
19100423
19100339
22101919
19100404
19100302
19100205
19100305
19100207
19100304
19100206
19100208
19100209
19100307
19100212
19100213
19100405
19100406
19100426
19100240
19100421
19100331
20100521
19100237
19100238
02100315
22101904
19100422
19100415
19100232
19100227
19100416
19100324
19100325
19100417
19100228
19100418
19100229
19100419
19100430
19100424
19100403
19100203
19100337
19100338
19100427
13100401
21101101
13100301
07100401
07100503
07100209
07100307
07100208
07100210
07100511
07100537
20100431
07100404
07100304
07100405
07100105
07100505
07100305
07100504
07100408
07100211
07100308
07100415
07100524
07100223
07100525
20100124
07100315
07100321
07100422
08100135
07100117
07100506
07100507
07100106
07100416
07100513
07100301
07100322
07100325
07100328
09100215
07100409
07100515
07100109
07100514
07100310
07100309
07100516
07100212
07100411
07100213
07100410
07100531
07100120
07100323
07100532
07100423
07100225
07100331
07100528
07100318
07100527
07100419
07100306
07100508
07100406
07100107
07100204
07100311
07100215
07100214
07100216
07100517
07100412
07100111
07100110
20100120
07100316
07100224
07100417
07100424
20100531
07100402
07100501
07100518
07100519
07100112
07100217
07100521
07100218
07100520
07100113
07100533
07100229
07100429
07100403
07100101
07100302
07100303
07100103
07100104
21100402
21101001
07100319
07100124
07100227
07100329
07100228
07100118
07100119
07100529
07100317
07100418
21100336
07100427
07100430
07100330
07100431
07100535
07100205
07100407
07100509
07100510
07100327
07100320
07100420
07100219
07100522
07100312
07100122
20100133
07100421
07100413
07100220
07100313
07100523
10100110
07100114
07100414
07100222
07100314
07100428
07100324
07100425
07100127
07100426
20100137
07100326
07100206
08100101
08100102
08100201
08100218
08100107
08100212
09100205
08100109
08100108
08100213
08100214
08100112
08100113
08100240
08100249
08100245
08100215
08100110
08100216
08100131
08100144
08100220
08100223
08100219
08100222
08100115
08100224
08100251
08100252
08100139
08100146
08100145
08100227
08100118
08100117
08100226
08100116
08100119
08100228
08100140
08100111
08100204
21100104
08100104
08100206
08100207
08100209
08100210
02100430
08100260
08100253
08100120
08100243
08100134
02100426
08100152
08100246
08100121
08100106
08100208
08100229
08100230
08100122
08100244
08100248
08100255
08100254
08100142
08100231
08100232
08100124
08100123
08100125
08100235
08100236
08100130
08100129
08100234
08100237
08100143
08100256
08100202
08100257
08100155
08100238
08100148
08100259
08100150
10100601
10100610
10100305
10100506
10100608
10100306
10100705
10100708
03100215
10100322
10100626
10100625
10100433
10100229
10100504
10100604
10100706
10100507
10100104
10100307
10100405
13100207
10100406
10100308
10100403
10100605
10100704
10100606
10100404
10100107
10100312
10100511
10100611
10100221
10100521
10100721
10100114
10100620
10100319
02100421
10100524
19100332
10100725
10100522
10100508
10100105
10100509
10100707
10100622
10100320
10100621
10100722
13100308
10100512
10100723
10100303
21100334
10100635
10100409
10100209
10100709
10100710
10100513
10100210
10100211
10100711
10100108
10100411
10100612
10100213
10100613
10100713
10100410
10100212
10100412
10100614
10100712
10100230
10100326
10100325
03100237
10100628
10100427
10100728
10100629
10100223
10100627
10100732
10100639
10100222
10100609
10100407
10100207
10100514
10100515
10100518
10100714
10100615
10100616
10100516
10100417
09100111
10100617
10100413
10100215
10100416
10100414
10100715
10100314
10100214
10100315
10100716
10100519
10100618
10100216
10100717
10100217
10100418
10100109
10100726
10100624
10100525
10100226
02100132
10100630
10100218
10100718
10100419
10100219
10100332
09100338
10100120
10100331
21101203
10100201
10100103
10100603
10100702
10100202
10100502
10100602
10100401
10100205
10100304
10100503
10100101
10100204
10100501
10100607
10100227
10100731
10100505
10100729
10100428
10100735
10100424
10100115
10100420
10100323
10100724
10100623
10100425
10100734
10100118
10100330
10100435
10100106
10100310
10100730
10100434
10100119
10100116
20100523
10100523
10100324
10100117
10100402
10100316
10100421
10100437
10100526
10100321
10100631
10100429
10100311
10100719
10100720
10100422
10100423
10100317
10100111
10100113
10100225
10100637
20100139
10100430
10100302
10100701
10100301
10100633
10100431
10100634
10100426
10100527
10100327
10100328
10100329
07100536
09100209
09100101
09100108
09100212
09100211
09100118
09100105
09100304
09100103
09100102
09100301
09100106
09100206
09100213
09100109
09100116
09100115
09100324
09100233
09100234
09100305
09100228
09100331
09100306
21100315
09100216
09100214
09100110
09100217
09100310
09100218
09100311
09100219
09100235
09100327
09100328
09100325
09100123
09100236
09100326
09100245
09100239
09100307
09100207
09100314
09100312
09100220
09100221
09100222
09100112
09100321
09100125
09100229
09100117
09100208
09100223
09100244
09100243
09100201
09100202
09100104
09100303
09100204
09100333
09100337
09100336
09100130
09100119
09100224
21101120
09100240
09100241
09100129
09100237
09100335
09100113
09100120
09100121
09100320
21101122
19100336
09100329
09100107
09100225
09100114
09100317
09100316
09100330
09100323
09100124
09100232
09100334
09100126
09100127
21100811
21100407
21101003
21100706
21100306
21100206
21100812
21100214
21100715
21100813
21100313
21100415
21100907
21100735
21101222
21100330
21100744
21100430
21100106
21101107
21101206
21100307
21100308
21100807
21100707
21100208
21100309
21100806
21100109
21100904
21100209
21100205
21100708
21100409
21100210
21100410
21100224
21100701
21100703
21100803
21100408
21100704
21100411
21101110
21100710
21101007
21100716
21100830
21100126
21100731
21101015
21100916
21100325
21100225
21101121
21100326
21101016
21100732
21101125
21100131
21101018
21100835
21100919
21100808
21100211
21100310
21100111
21101208
21100832
21100216
21100116
21100416
21100202
21100427
21100434
21101127
21101108
21100412
21100112
21100908
21100814
21100417
21101008
21100816
21100717
21100909
21101210
21100117
21100316
21100217
21101009
21100719
21100419
21101211
21101212
21100418
21101114
21101010
20100513
21100218
21101213
21100910
21100317
21101228
21100335
21100922
21100132
21100231
21100838
21101021
21100331
21100738
21100431
21100839
21100739
21100711
21101223
21100338
02100403
21101103
21100817
21100917
21100926
21100135
21100842
21100844
21101004
21100212
21100311
21100809
21100712
21100213
21100413
21100113
21100720
21101115
21101116
21100219
21100819
21100818
21100420
19100222
21101214
21100119
21101215
21100722
21101117
21100820
21101217
21100421
21101218
21101216
21100120
21100911
21100319
21100318
21101011
21101119
21100912
21100320
21100422
21100913
21101219
21100220
21101012
21101221
21100429
21101022
21101026
21100437
21100127
21100226
21101124
21100302
21100312
21100810
21100423
21101013
21100122
21100821
21100724
21100822
21100725
21100221
21101126
21100435
21100138
21100747
21100930
21100746
21101104
21100103
21100801
21100403
21100901
21101105
21100404
21100303
21100902
21101205
19100303
21101106
21101204
21100203
21101002
21100304
21100702
21100903
21101207
21100804
21101109
21101224
20100232
21100232
21100928
21100136
21100236
21101129
21101229
21100905
21100733
22101911
21100327
21100332
21100736
21100129
21101019
21101028
21100321
21100428
21100918
21100128
21100227
21100228
21100436
21100745
21100845
21100137
21100237
21100846
21100923
21100713
21100906
21101005
21101029
21100836
21100920
21100432
21101023
21100229
21100130
21100329
21101020
21100737
21100921
21100705
21100105
21100114
21101006
21100823
21100726
21101220
21100914
21100322
21100824
21100833
21100840
21100734
21100328
21100834
21100133
21101226
21101111
21100837
21100123
21100727
21100825
21101014
21100424
21100223
21100729
21100324
21100728
21100826
21100730
21100827
21100915
21100124
21100829
21100828
21100425
21100125
21100323
21100233
21100741
21100924
21100743
21100238
21100204
21100406
21100337
21101024
21100925
21100333
21101025
21100101
21100401
21101202
21101102
21100201
21100102
21100301
21100230
21100134
21100742
21100234
21100843
21100927
21101027
21101128
20100501
20100608
20100112
20100211
20100303
20100101
20100401
20100201
20100310
20100212
20100414
20100519
20100619
20100130
20100333
20100301
20100606
20100207
20100107
20100506
20100601
20100609
20100113
20100509
20100510
20100326
20100617
20100426
20100230
20100131
20100231
20100126
20100312
20100507
20100224
20100125
20100610
20100213
20100316
20100511
20100135
20100527
20100626
20100114
20100512
20100612
20100317
20100419
20100216
20100416
20100611
20100613
20100215
20100116
20100115
20100418
20100318
20100132
20100412
20100242
20100403
20100102
20100627
09100128
20100109
20100110
20100209
20100607
20100210
20100420
20100319
20100117
20100422
20100217
20100514
20100218
20100421
20100118
20100119
20100614
20100219
20100220
20100322
20100327
20100226
20100235
20100141
20100111
20100413
20100127
20100529
20100142
20100239
20100404
20100405
20100502
20100602
20100306
20100305
20100202
20100604
20100104
20100204
20100407
20100408
20100304
20100409
20100105
20100406
20100103
20100203
20100307
20100205
20100308
20100505
20100504
20100603
20100206
20100309
20100236
20100314
20100508
20100225
20100227
20100331
20100328
20100629
20100238
20100336
20100437
20100631
20100532
20100140
20100338
20100632
20100533
20100530
20100240
20100525
20100128
20100522
20100524
20100430
20100623
20100228
20100332
20100129
20100618
20100428
20100329
20100432
20100625
20100429
20100330
20100423
20100517
20100425
20100324
20100615
20100325
20100222
20100616
20100424
20100123
20100433
20100233
20100337
20100436
20100630
20100134
20100335
20100229
20100402
20100234
20100526
20100435
20100628
16100401
16100202
16100201
16100601
16100101
16100509
16100510
16100505
16100112
16100533
16100105
20100410
16100106
16100206
16100207
02100312
16100208
16100406
16100702
16100302
16100404
16100405
16100703
16100209
16100511
16100117
16100413
16100608
16100414
16100114
16100211
16100113
16100116
16100512
16100411
16100412
16100520
16100309
16100709
16100521
07100530
02100336
16100219
16100314
09100230
16100616
02100313
16100506
16100107
16100507
16100704
16100108
08100241
02100319
16100427
16100220
16100415
16100706
16100611
16100513
16100610
16100609
16100119
13100411
21101113
22100314
16100304
16100707
16100305
16100416
15100214
16100315
16100317
13100126
16100316
16100131
16100425
16100525
14100633
16100312
16100407
16100109
16100436
16100138
08100103
16100424
16100529
16100530
16100134
16100718
16100606
16100605
16100303
13100407
16100508
16100612
08100225
16100214
16100213
16100122
16100417
16100708
16100418
16100306
16100123
02100320
16100218
16100712
16100526
16100221
16100719
16100434
16100310
16100408
16100607
16100614
16100307
19100429
16100103
16100603
16100402
03100403
16100403
03100307
16100501
16100204
16100604
03100309
10100703
16100502
16100104
16100437
19100306
16100701
13100406
03100311
16100720
16100428
16100623
16100622
02100337
08100242
16100723
16100210
16100126
16100128
16100617
16100524
16100419
16100422
16100311
16100313
16100426
16100534
16100135
16100624
16100323
13100132
16100722
16100430
16100324
16100136
16100716
16100625
16100503
16100409
16100410
16100514
16100713
13100425
16100535
16100504
02100316
16100515
16100217
16100615
16100710
16100423
09100231
16100619
16100522
16100618
02100333
16100717
03100331
16100111
16100725
16100516
16100518
02100323
16100519
16100308
16100420
16100421
16100517
16100432
16100431
03100332
16100319
16100626
20100302
16100602
16100203
16100133
16100527
16100321
16100528
16100223
19100340
16100433
16100429
16100621
10100228
16100531
21101227
16100435
16100532
16100322
23100202
23100209
23100204
23100129
23100227
23100228
23100313
23100106
23100207
23100205
23100105
23100208
23100107
23100113
23100112
23100304
23100111
23100225
23100311
23100229
23100132
23100133
23100230
23100134
23100130
23100211
23100212
23100127
23100316
23100128
23100305
23100115
23100213
23100306
23100116
23100114
23100117
23100135
23100231
23100319
23100108
23100109
23100214
23100215
23100307
23100217
23100216
23100118
23100218
23100119
23100120
23100308
23100219
23100220
23100309
23100121
23100320
23100301
23100102
23100103
23100101
23100104
23100302
23100203
23100206
23100122
23100312
23100131
23100140
23100238
23100239
23100318
23100232
23100110
23100317
23100136
23100226
23100310
23100221
23100314
23100137
23100315
23100123
23100124
23100126
23100223
23100125
23100222
23100237
23100234
23100235
23100138
23100236
23100139
18105405
18102002
18101701
18100101
18102901
18102501
18101901
18106006
18102301
18101302
18105703
18101702
18103502
18105804
18104601
18101101
18103503
18104901
18103001
18101303
18102401
18105529
18104501
18101012
18103106
18103516
18100210
18100110
18101910
18105928
18104011
18102108
18101210
18105224
18103805
18103012
18104205
18102604
18100907
18103307
18103002
18100801
18104502
18102701
18105930
18105226
18105403
18104802
18102702
18101102
18103302
18100905
18102803
18101309
18105507
18102102
18104911
18105117
18101204
18101107
18106020
18103511
18102103
18101707
18106012
18105410
18101412
18100313
18101506
18103107
18104710
18101321
18101211
18105309
18102710
18102017
18100413
18105014
18105735
18100314
18105015
18105313
18104931
18105110
18105035
18102524
18106033
18100122
18104324
18100628
18104432
18101025
18105718
18101527
18105717
18101422
18102129
18101228
18103125
18102323
18103333
18101350
18100131
18104807
18105105
18103604
18103204
18101202
18100307
18105106
18104408
18101004
18101005
18100204
18106105
18104306
18101404
18101310
18104806
18102616
18102531
18100431
18105208
18101423
18100502
18105904
18104902
18104410
18100807
18101314
18104411
18100808
18103802
18101409
18102104
18102606
18105209
18103406
18102706
18105715
18102204
18103407
18101502
18101407
18105519
18105312
18100106
18101811
18106018
18103309
18104104
18104412
18104808
18104007
18104912
18101205
18103007
18101904
18103513
18103405
18103705
18104006
18102303
18104005
18105714
18105811
18100908
18101408
18103308
18101108
18104704
18102903
18106017
18106016
18104207
18103512
18101206
18102605
18101315
18100809
18105518
18105620
18101605
18105210
18101109
18105114
18105619
18104913
18100406
18102607
18104206
18105621
18106112
18102205
18101110
18104703
18102206
18105913
18104307
18100407
18101410
18100705
18105501
18100605
18103206
18101317
18106013
18101905
18101708
18102608
18106109
18101503
18105660
18105404
18100223
18103020
18105605
18102422
18100201
18100102
18103402
18104101
18102003
18100702
18101305
18101006
18101311
18100703
18103508
18104409
18103509
18101809
18100906
18100704
18101203
18104004
18104204
18100806
18102804
18104702
18105008
18105120
18102202
18101405
18101105
18101313
18100511
18101106
18105610
18102405
18100309
18102207
18105624
18106113
18100606
18105925
18102711
18105221
18106119
18103311
18100912
18105729
18102212
18100913
18104418
18101712
18105822
18104419
18103312
18105819
18105643
18102213
18104711
18100414
18105428
18105016
18103413
18103313
18101116
18102712
18101911
18105124
18102617
18104211
18102110
18101117
18101212
18103108
18100415
18102018
18103013
18104314
18104916
18103708
18105820
18105536
18104608
18105821
18105642
18104511
18104810
18105017
18105924
18101817
18106120
18102618
18103517
18104315
18105427
18104212
18106121
18101517
18102911
18105329
18105934
18100623
18105330
18104322
18105439
18105438
18101020
18105331
18102910
18105834
18102423
18105232
18100422
18102520
18104520
18101220
18101925
18102316
18104822
18104112
18105440
18101518
18104726
18103326
18101924
18104623
18103611
18102629
18105327
18102727
18101829
18100323
18104930
18104824
18105835
18102123
18102124
18105230
18103021
18106043
18104725
18102522
18100819
18102912
18102034
18105551
18103914
18101021
18105231
18101926
18104624
18103815
18102035
18105550
18101132
18104519
18105133
18102521
18104429
18105328
18100525
18102424
18105655
18101519
18105552
18103816
18102125
18104823
18105032
18104625
18101927
18100119
18103218
18102425
18102050
18100432
18102037
18103334
18105921
18103426
18100924
18102324
18103537
18104733
18101528
18103025
18104224
18105635
18100630
18100433
18102130
18101026
18100334
18104023
18100335
18105214
18101235
18100527
18101229
18103538
18105040
18100823
18105926
18100227
18101340
18104433
18105537
18105730
18101931
18100923
18102127
18104628
18100328
18103531
18104729
18101135
18104932
18103330
18102525
18102036
18102526
18104019
18101524
18100329
18101618
18105512
18105036
18101223
18102811
18105608
18102321
18104629
18105002
18101803
18101804
18105003
18101501
18101103
18100205
18104008
18104208
18100810
18104706
18100410
18105918
18103408
18105632
18101008
18103207
18102904
18102610
18105920
18101728
18105919
18104413
18105526
18105423
18100310
18106023
18103409
18103605
18103410
18105634
18104705
18101813
18104209
18100608
18101111
18102009
18104606
18101606
18104309
18100706
18100607
18101812
18100206
18101318
18105722
18104707
18100707
18105631
18103706
18104708
18102443
18103804
18102304
18104310
18102305
18105633
18103528
18100120
18104727
18100625
18103219
18100820
18104825
18105627
18104323
18102913
18100423
18101520
18101334
18100224
18105611
18103529
18100324
18103327
18103424
18103022
18101706
18104009
18105314
18102020
18104712
18103414
18101818
18105315
18101507
18101118
18105721
18105018
18103519
18102019
18103328
18104522
18100426
18105408
18100802
18104401
18101805
18105433
18105128
18103102
18100401
18100103
18100901
18100302
18100626
18105910
18104435
18105302
18101221
18100424
18105048
18105204
18106005
18105609
18105134
18101230
18100231
18102040
18102732
18103027
18101607
18101207
18106045
18105443
18105444
18106131
18101413
18106114
18103612
18101831
18103220
18105612
18105647
18103806
18103014
18101213
18101819
18100111
18101713
18103210
18105828
18100416
18105129
18102023
18101820
18106038
18104609
18102111
18104811
18101322
18101415
18104317
18104713
18104714
18102021
18102920
18101119
18104918
18100813
18104015
18105322
18105435
18105830
18103520
18103709
18105545
18106035
18101509
18104917
18102514
18104012
18102214
18106126
18101912
18104013
18101508
18103317
18103318
18106036
18100211
18104512
18100708
18101122
18105321
18105931
18106041
18102216
18105323
18102413
18101121
18101414
18104715
18103315
18100914
18101714
18104610
18102306
18102713
18101325
18103110
18104422
18101214
18102416
18101611
18105737
18104106
18103109
18105649
18103607
18103314
18101612
18101510
18106037
18104611
18100316
18104318
18102714
18100113
18102414
18102906
18104812
18103319
18103015
18104421
18106040
18105829
18101013
18101323
18105130
18105228
18106127
18104420
18102415
18102619
18105831
18102215
18100112
18105933
18106039
18105326
18104014
18104513
18100315
18101015
18102217
18105324
18104813
18105325
18105738
18105019
18103710
18102022
18101913
18103211
18100519
18103111
18102024
18100417
18104919
18102112
18102113
18103807
18105131
18100615
18100915
18103016
18101821
18102025
18103606
18103415
18105932
18103430
18102637
18104940
18102636
18104639
18102635
18103542
18101938
18102041
18105719
18102438
18101137
18104734
18104225
18101932
18105927
18102533
18103613
18101717
18105825
18102431
18105318
18102131
18100228
18102535
18103614
18105126
18101138
18104836
18105429
18102729
18101933
18103226
18106029
18100631
18104632
18104634
18103715
18102532
18101424
18102132
18103126
18101718
18106030
18102038
18101139
18102325
18102534
18105644
18104226
18103717
18102432
18105222
18103716
18102730
18101341
18102536
18105223
18105540
18103818
18104735
18105539
18102915
18104633
18102814
18100229
18104526
18104837
18100434
18101529
18104525
18104937
18105041
18104835
18106122
18106123
18100528
18102133
18104325
18105319
18102541
18101401
18100207
18100610
18100609
18100311
18105914
18105049
18101347
18101851
18101949
18103135
18102046
18102331
18102047
18105803
18102736
18103823
18102542
18101950
18101521
18100325
18100132
18102502
18105407
18101402
18103003
18105506
18100504
18102527
18103121
18104020
18101928
18104115
18104514
18104626
18105929
18104640
18103229
18103616
18105301
18104326
18104637
18101620
18104530
18102134
18103028
18101236
18105502
18105101
18105050
18104636
18103131
18104027
18100825
18104532
18105544
18104010
18103905
18101114
18106130
18105836
18102011
18101009
18102406
18105011
18100910
18104507
18106129
18101814
18102707
18101906
18106128
18101505
18100411
18101011
18103904
18102805
18102049
18102012
18100312
18101608
18100611
18100612
18104914
18103105
18103010
18101709
18102611
18102106
18101710
18102612
18100514
18105441
18102208
18102010
18101907
18101115
18100515
18100516
18102614
18101113
18105658
18103008
18105657
18103514
18105656
18101010
18101504
18105553
18105739
18104415
18102613
18100812
18104915
18105659
18102013
18104210
18101609
18100811
18102014
18102905
18100108
18101319
18102806
18103009
18102407
18104709
18102708
18105332
18105233
18103707
18106044
18104414
18105442
18105020
18103112
18102907
18100916
18103808
18104319
18100917
18103212
18101511
18103907
18104716
18100814
18101512
18100114
18106110
18104515
18105810
18105414
18103416
18104612
18105912
18105911
18102218
18105712
18105515
18102219
18102114
18104016
18101513
18104516
18104922
18103608
18103522
18103017
18102620
18103521
18101914
18102220
18106014
18105616
18100115
18100709
18104108
18104815
18102716
18102116
18101216
18105021
18104107
18101915
18102717
18105711
18100116
18104613
18105415
18105713
18105615
18103809
18103322
18104614
18105022
18105416
18104717
18100212
18101916
18101822
18101123
18100117
18103213
18105614
18104814
18102307
18104923
18104718
18103321
18102715
18106111
18105514
18101124
18106015
18102117
18100710
18102026
18102221
18102621
18103908
18105645
18103810
18104214
18101416
18105432
18101417
18101326
18100711
18101514
18104924
18101217
18103523
18103418
18102718
18105646
18103214
18102118
18104424
18102308
18104816
18105542
18101917
18100318
18100213
18103609
18101218
18103114
18100214
18102223
18101125
18102222
18102719
18102515
18105320
18105024
18101918
18105431
18100919
18102516
18103610
18102622
18104109
18106032
18104423
18103910
18104817
18105225
18100418
18100616
18102720
18105026
18105027
18103909
18104925
18100617
18101328
18106125
18102623
18105025
18104615
18101329
18105028
18100712
18104616
18105618
18101335
18104521
18100526
18101022
18101522
18101133
18101615
18102426
18100121
18105417
18105617
18106001
18106101
18103122
18100330
18102428
18105613
18103224
18101525
18100331
18101338
18105716
18102812
18105625
18105525
18105052
18105051
18100632
18105517
18104028
18104436
18101029
18105212
18105229
18100927
18103546
18104643
18105406
18104113
18100425
18103023
18105661
18103221
18103120
18101833
18100332
18103026
18100718
18102433
18101934
18102209
18103208
18102408
18104503
18102503
18100505
18103201
18105211
18101815
18100208
18102409
18103515
18103906
18101208
18100613
18103411
18101816
18104416
18100517
18104425
18100319
18105530
18105531
18104927
18105816
18101919
18102027
18101613
18102721
18103419
18104719
18103811
18105118
18102028
18100215
18106021
18100815
18105630
18102309
18104818
18102624
18103524
18103215
18101823
18101824
18100920
18105422
18101715
18104110
18103420
18106115
18104426
18100123
18105705
18105205
18105037
18101929
18105524
18105308
18100232
18103033
18104232
18104119
18101946
18103235
18104444
18103433
18102642
18100731
18103547
18103133
18100925
18105908
18101429
18105823
18105056
18105125
18100816
18104906
18102402
18104907
18101703
18101852
18103004
18100803
18106118
18101704
18103701
18100506
18105004
18103601
18101403
18105726
18101001
18101602
18102705
18105217
18103303
18104302
18101601
18103005
18105637
18102504
18105122
18102509
18103404
18101705
18101902
18105636
18105640
18100203
18105123
18102403
18104102
18102601
18102902
18101307
18102006
18101104
18101603
18100202
18103103
18100904
18106027
18102602
18105817
18104003
18105216
18102511
18106116
18105725
18105724
18104202
18100507
18103702
18106117
18105723
18106024
18101903
18105219
18100303
18102201
18100509
18104803
18104505
18105727
18105424
18103006
18102643
18104002
18103703
18103901
18105532
18103202
18100304
18105007
18104001
18104303
18100508
18100402
18104804
18100104
18100404
18102007
18100403
18105638
18105641
18103505
18101002
18100602
18102505
18103704
18101808
18105923
18105534
18103305
18100604
18100105
18103603
18100902
18105005
18103506
18103203
18102703
18104402
18104603
18101306
18103403
18104404
18104304
18102004
18100903
18105218
18102506
18102507
18104305
18104908
18102508
18104805
18105425
18105533
18104602
18104405
18104301
18106025
18105006
18104604
18103507
18100805
18102005
18100510
18101806
18101807
18105426
18104203
18102704
18101003
18102802
18104909
18104406
18104407
18100603
18100306
18105535
18101604
18103902
18105639
18106026
18100308
18106008
18105814
18103510
18103104
18103205
18101007
18104605
18105528
18102302
18105009
18101406
18102008
18103029
18105119
18104437
18101224
18100732
18106022
18102203
18102512
18104103
18103903
18105213
18100209
18105720
18103532
18103533
18101716
18105543
18101342
18104938
18101935
18100126
18105421
18103539
18101846
18104941
18103336
18104641
18105306
18100439
18103435
18102229
18106007
18104438
18104638
18106042
18102816
18100534
18101530
18104642
18105815
18100926
18101142
18104531
18101352
18103337
18105708
18102211
18101320
18102210
18100412
18105516
18102919
18101726
18101622
18101945
18102441
18101725
18105116
18104030
18105628
18100327
18104826
18105033
18103222
18105522
18104827
18102427
18102317
18101847
18103234
18105109
18102224
18102625
18102310
18100320
18105538
18101016
18101330
18103024
18105038
18104828
18103331
18104730
18101339
18100124
18104829
18104523
18106108
18102429
18101136
18101930
18100428
18103123
18100427
18105412
18105906
18105411
18104830
18105706
18101225
18101419
18105510
18101420
18105310
18102128
18105824
18101239
18104442
18105121
18105030
18100520
18103115
18104928
18104215
18101825
18101920
18104819
18105215
18104517
18104320
18105316
18103711
18101832
18102318
18104114
18105606
18104627
18100627
18105626
18100821
18104630
18100336
18104527
18101939
18104841
18102638
18101724
18106107
18102225
18105108
18101032
18105055
18102329
18105107
18104736
18102226
18103543
18101430
18106104
18100633
18101238
18100339
18100340
18100726
18102330
18105809
18102136
18105710
18104842
18100727
18105513
18104737
18105207
18102042
18104230
18103230
18102818
18101940
18102439
18102543
18104439
18102043
18101033
18105709
18102227
18104327
18103431
18103919
18106002
18100133
18102640
18103432
18105201
18101035
18102044
18100234
18100634
18102228
18102442
18100730
18105202
18100828
18101850
18101143
18100635
18104740
18102045
18105430
18104120
18100134
18101240
18105541
18102230
18104118
18102137
18100529
18105227
18105648
18102815
18100127
18105434
18102537
18102434
18103540
18106034
18101719
18101140
18101936
18103127
18104117
18103427
18104838
18102631
18105042
18101425
18104116
18101727
18103545
18102735
18103233
18100729
18105827
18102410
18103011
18104417
18102015
18102709
18105127
18105733
18104105
18101711
18101209
18105012
18105013
18102615
18104311
18104312
18100109
18102807
18101909
18102411
18102538
18101836
18100337
18101937
18102632
18104328
18105731
18103232
18100341
18105732
18106028
18102440
18100827
18103231
18100728
18104843
18102639
18101941
18103134
18102641
18101515
18100429
18100226
18105704
18101226
18103124
18101343
18105206
18103819
18105907
18105413
18102539
18103335
18103227
18105808
18102322
18103534
18100430
18101227
18105651
18105437
18101421
18103714
18102529
18104934
18105548
18101024
18103332
18104524
18104222
18105436
18104223
18105650
18105653
18102530
18100822
18104833
18101526
18105652
18105546
18100716
18105547
18104935
18103425
18102914
18104021
18104936
18100333
18102528
18104831
18105039
18104631
18104431
18102813
18105832
18101201
18100518
18105418
18105702
18102603
18102016
18100911
18104509
18104607
18100614
18104313
18100321
18104017
18103712
18102908
18104720
18101826
18104618
18102723
18105917
18100419
18100618
18103216
18100218
18104619
18103421
18103812
18104620
18104518
18102119
18105736
18102126
18104221
18101523
18101616
18105132
18103530
18101617
18105549
18105509
18101232
18104227
18104228
18101344
18104635
18100435
18105043
18105045
18100530
18105044
18103128
18100824
18104528
18104728
18102523
18102630
18105034
18105113
18105909
18105111
18105112
18103329
18100225
18102728
18101222
18101337
18101023
18105654
18104022
18105833
18104731
18100719
18105915
18105629
18101838
18102326
18101720
18103129
18100531
18100230
18104024
18102731
18104025
18101027
18101721
18105420
18100720
18102435
18105046
18101233
18106124
18105734
18106031
18101610
18105826
18103525
18101848
18104443
18104809
18103310
18101418
18102030
18101331
18101126
18105622
18101128
18101332
18102031
18105812
18102311
18104216
18105623
18103911
18102120
18102312
18103117
18100619
18104721
18105521
18100521
18102626
18105813
18100219
18106019
18100921
18102313
18100522
18101827
18102032
18103118
18106102
18105203
18105602
18104821
18105401
18103814
18100621
18106003
18105604
18101922
18103713
18104217
18105402
18102315
18101614
18102314
18100714
18104722
18102808
18103423
18103912
18100620
18106004
18102726
18102419
18101018
18101333
18105601
18104723
18100622
18101921
18100922
18105701
18105903
18104724
18104111
18101516
18100322
18104427
18102121
18101019
18102519
18100523
18103422
18105104
18103813
18102517
18102724
18102627
18102417
18103119
18102418
18101129
18102033
18100221
18105503
18102628
18103527
18104219
18104622
18102122
18105603
18102725
18102909
18103324
18101131
18101017
18100817
18104820
18105103
18105102
18100222
18105504
18100220
18105802
18104018
18104621
18105303
18105901
18105304
18102421
18105801
18106103
18102518
18101219
18105505
18101828
18105305
18100818
18101130
18105902
18100118
18102809
18100713
18102420
18100421
18101923
18103325
18100524
18103323
18103916
18105922
18101028
18105317
18102039
18103541
18104229
18103920
18101354
18105220
18101308
18102734
18103918
18103031
18100235
18101943
18101942
18101034
18105508
18104732
18104834
18105307
18103718
18100129
18101841
18101839
18102916
18101345
18104026
18101426
18105409
18103615
18103820
18100532
18105607
18104434
18104839
18103130
18103428
18101840
18100128
18101427
18101428
18100721
18101842
18101234
18103338
18104329
18104739
18103434
18104904
18100503
18104201
18101802
18105419
18102801
18104903
18104801
18103101
18101304
18103401
18100701
18105523
18105001
18100301
18104905
18105115
18103301
18101801
18103536
18103535
18103821
18105905
18101346
18101722
18106009
18102436
18101843
18106106
18100338
18106011
18100722
18102540
18106010
18103822
18100533
18100928
18101355
18103034
18104330
18103617
18101241
18105818
18105520
18101141
18103032
18101944
18105511
18100130
18105807
18102917
18101237
18102817
18100723
18100438
18100725
18105707
18102328
18102634
18103429
18102633
18103132
18103228
18102327
18104029
18102437
18101845
18100724
18103917
18101031
18100437
18100826
18101030
18105805
18101621
18105311
18105806
18102135
18105053
18101849
18101411
18103412
18102513
18102733
18105054
18104840
18101349
06100311
06100224
06100202
06100203
06100105
06100307
06100308
06100106
06100312
06100119
19100327
06100324
06100121
06100205
06100206
06100310
06100309
06100325
06100208
06100327
06100302
06100333
06100126
06100110
06100111
06100210
06100209
06100313
06100225
06100226
06100123
06100332
06100222
06100328
06100211
06100127
06100335
06100334
06100207
06100107
06100212
06100213
06100316
06100214
06100112
06100314
06100315
06100113
06100317
06100220
06100230
06100124
06100114
06100215
06100342
06100102
06100101
06100306
06100104
06100303
06100304
06100103
06100305
06100336
06100329
06100228
06100338
06100337
06100229
06100128
06100339
06100331
06100330
06100122
06100340
06100341
06100108
06100216
06100120
06100115
06100217
06100219
06100319
06100321
06100117
06100318
06100320
06100323
06100116
06100322
06100118
06100129
06100125
06100301
06100223
06100109
22100101
22100102
22100801
22100301
22100501
22100608
22100206
22101901
22100701
22100502
22101007
09100210
21100115
22100708
21101209
22100231
22100543
22101912
21101123
09100203
22100232
22100605
22100509
22100306
22100307
22100207
21100108
22100105
22100812
22101902
02100409
22100904
22100208
22100511
22100510
22101011
22100203
22100902
22100327
22100810
20100106
22101005
22100201
22101006
22100103
14100504
22100603
21100305
16100205
22100204
22100106
22100308
22101008
22100209
22100606
22100309
22100517
21100314
22100108
22100313
22100912
10100408
22100909
22101906
22100609
22100910
22100312
22100216
22100911
22100516
22100217
07100512
22101905
09100227
22100538
22100226
07100116
22100922
22100827
22100328
22100330
22100825
22101909
22101022
22100227
22100826
20100518
22100539
22100329
22100722
21101225
02100101
04100318
22100723
22100544
22101024
06100221
22100831
08100203
02100402
22100503
22100814
02100211
22100813
22100107
22100512
22100607
07100203
22101910
22100718
22100622
22100623
22100913
03100421
22100555
22100703
22100504
22101027
22100923
22100331
10100636
22100310
22100610
22100719
22100817
03100314
22100611
08100221
22101014
22101013
22100709
22100218
08100114
22100219
22100220
22100613
22100109
03100219
13100410
22100522
22100914
22100710
22101015
22100518
22100519
22100110
22100111
22100612
22100915
22100315
22100711
22100520
22100521
22100550
22100335
22100834
22101025
22100337
08100250
22100233
22100928
22100549
22100336
22100724
22100835
22100833
22100333
22100632
10100638
14100144
22100562
17100206
22101001
03100329
08100151
22100628
22100838
13100130
22100629
09100332
22100123
22100237
08100258
22100556
22100901
10100309
22100514
22100513
22100210
22101009
22101903
22100515
16100110
22100211
09100308
02100411
22100905
22100523
22100221
22100917
21101118
22100525
02100115
22100916
22101016
22100112
22100527
22100524
22100712
22100919
22100918
22100316
22100920
22100614
22100818
22100819
22100318
22100317
22100526
22100615
16100121
22100616
22100222
22100820
22101017
22100617
22100713
16100613
02100117
22100921
22100821
22100320
22100528
22100319
04100210
03100232
09100319
22100332
22100828
22100829
22100228
21100235
22100933
22100939
22100540
22100625
22100906
16100705
22100212
22100213
22100907
22100618
20100515
22100529
22100822
22100530
22100531
22100321
22100924
08100136
22100346
22100240
22100241
02100424
22100929
22101018
22100505
22101003
22100802
15100203
22100803
22100805
22100601
22101004
22100705
22100202
07100502
22100304
16100301
22100806
22100704
22100807
22100602
22100302
07100102
10100203
02100105
22100506
22100808
22100804
22100303
03100206
22101002
22100113
22100508
22100706
22100205
10100206
22100604
22100903
22100104
22100119
22100925
22100339
22100338
02100231
16100222
22101031
22100344
03100433
22100728
22101010
22100214
22100215
22101030
22100230
22100229
22100340
22100732
22100626
22100725
22100619
22100927
22100624
22100120
22100546
22100545
22101914
22100926
22100305
22100532
01100415
22101019
16100127
22100541
22100121
22100840
22100238
22100729
22100935
22100841
22100239
21100929
22100936
22100559
22101918
22100560
22100730
09100339
22100937
22100930
22100341
22101915
22100836
22100311
22100908
22100126
02100226
22100837
22100234
08100137
20100622
22100334
22100547
22100548
22100721
22100832
22100507
22100815
22100714
22100533
22100114
10100220
22100322
22100823
22100830
22101023
22100931
22100122
22100551
22100542
22100720
16100130
22100716
22100323
22100715
22100115
22100223
22100620
08100233
22100116
16100125
22100717
03100419
22100224
22100536
20100516
22101021
22100535
22100563
07100115
22100621
01100610
09100226
22101020
02100416
22100537
22100324
08100127
22100117
03100420
22100824
22100225
22100118
22101907
22100552
22100938
21101030
22100809
22101029
22100731
22100561
22100553
22100235
21100433
22100554
22101916
22100940
02100102
22100702
13100329
22100627
16100620
22101026
22100932
05100145
22100236
07100540
22100242
22100345
22100326
22100124
20100237
22100839
22100726
22100557
07100123
22100342
22100630
22101917
22100816
22100125
22100558
02100335
22101028
09100701
09100702
10100438
21101201
22100401
14100202
09100503
09100506
21100805
09100448
09100432
09100422
09100720
22100412
22100413
09100453
06100326
09100547
09100504
09100710
09100551
09100531
09100548
09100739
09100542
09100703
05100303
09100445
17100212
09100608
09100714
09100712
09100713
19100310
09100421
22100402
21100207
09100609
23100210
09100549
22100408
09100525
09100550
09100711
09100721
09100515
09100618
09100723
02100412
09100724
09100722
22100406
09100530
09100616
09100407
09100406
09100617
22100405
09100532
09100735
09100734
09100635
09100633
09100522
09100736
22100409
09100634
16100714
09100513
09100641
09100642
09100740
09100501
09100639
09100537
03100409
09100450
09100610
09100715
04100105
09100420
09100737
22100410
09100520
10100313
09100619
09100704
09100741
09100655
09100611
09100451
09100726
09100543
09100508
21100815
21100718
09100620
20100417
09100725
09100623
09100430
16100120
09100624
09100621
09100727
09100622
09100519
09100424
09100656
09100402
09100742
09100743
09100554
09100502
02100423
09100643
07100126
09100440
09100528
09100428
09100651
09100412
09100716
09100612
09100444
22100403
09100717
09100512
09100415
09100728
11100133
09100505
09100442
09100729
09100625
09100427
09100454
09100435
10100415
01100606
09100433
09100524
15100333
09100626
09100730
09100628
09100627
09100517
21100121
09100732
09100731
12101322
09100544
09100409
13100237
09100546
09100652
07100538
09100644
09100744
09100746
09100745
09100410
09100718
09100613
09100614
09100539
09100629
09100630
09100553
09100404
09100443
09100452
22100419
09100705
09100706
09100603
09100403
09100707
09100437
09100509
09100446
09100602
09100527
09100526
09100552
09100709
09100605
09100541
09100604
09100438
09100540
08100105
09100529
09100708
09100434
09100523
09100534
09100606
09100411
09100607
09100431
09100401
05100126
16100715
09100423
09100754
09100514
09100636
09100755
09100414
22100411
09100645
09100747
14100612
09100322
09100545
22100414
09100535
09100756
09100657
09100518
09100658
09100418
22100418
09100425
09100441
09100758
08100154
09100748
22100415
09100749
09100647
09100750
09100646
09100426
09100615
09100719
09100419
22100404
21100414
09100757
15100531
09100640
21100405
09100449
09100417
09100637
09100738
09100638
09100555
09100439
23100233
09100429
09100455
09100416
09100405
22100534
09100533
09100516
06100218
09100631
09100408
09100733
09100413
10100112
22100843
09100632
22100407
09100436
09100507
09100648
09100510
12100618
09100521
14100636
09100511
09100649
12100172
09100751
09100650
09100447
22100416
13100227
09100752
09100601
09100753
09100538
10100640
09100653
05100515
09100536
22100343
08100147
22100417
09100654