11030201
07030601
08030101
04030101
12030701
06030301
12030201
18032401
18030801
08030401
18031601
13030201
12030301
13030101
14030301
09030601
18031701
18030701
15030301
07030301
03030301
20030601
10030301
18031504
06030601
06030801
16030401
07030701
06030701
14031101
11030101
07030401
07030101
18031401
18030902
10030302
18031501
09030201
18031502
05030701
18031503
18032501
16030801
14030802
05030401
18030901
15030501
03030101
05030501
06030201
18030101
09030101
10030401
01030201
04030201
14030801
06030202
18032001
09030801
11030102
18031602
03030103
13030203
15030302
05030901
07030201
16031117
18030903
23030103
16031109
15030401
18031801
02030301
12030401
06030303
16030501
16030201
18031201
11030305
02030403
14030202
06030606
18032503
03030403
02030311
09030630
09030828
17030111
18031521
10030517
18030109
12030105
06030307
20030314
15030317
10030413
18032021
18031520
06030308
09030629
21031012
08030119
09030723
16030312
16030914
16030409
07030605
02030631
09030628
20030618
12030205
14030105
12030904
18031207
18032308
09030701
21030945
09030702
18031402
09030502
15030201
22030502
18031702
09030503
07030402
05030801
14030901
21031003
10030201
14030101
06030302
14031102
08030402
17030201
18030401
08030504
18032101
13030401
23030102
05030702
20030201
03030201
10030101
16030701
16030101
21030802
09030401
21030702
15030303
18032002
03030304
15030102
14031001
05030201
06030401
18032010
22030705
22030503
18031305
08030111
13030107
20030506
09030718
08030205
15030314
05030503
06030613
01030105
10030105
09030624
08030407
09030523
02030505
06030805
03030410
03030411
15030408
13030408
10030106
18031616
04030103
20030311
14030809
07030410
21031013
18031308
18030305
11030205
09030208
20030105
21030805
08030204
22030723
12030605
02030111
05030709
04030249
21030311
15030122
07030917
22030605
18031621
18032411
18030306
07030209
08030538
18030608
02030157
15030216
21030506
21030711
18032118
02030312
01030509
18032509
16030815
09030829
21031006
09030528
05030104
16030814
05030606
21030941
16030608
18032510
06030309
21031033
04030217
18031710
16030514
16030915
18032207
06030616
16030111
01030108
09030830
02030209
16030112
09030210
13030410
18030411
08030210
21030507
15030515
15030217
18031211
02030130
02030518
18031222
05030613
20030219
10030222
12030715
21030222
06030828
17030134
14031125
10030526
13030125
07030823
09030749
18031535
13030126
05030614
09030659
09030751
10030430
18030123
07030618
18032520
08030513
15030235
14030714
18031423
18032428
12030922
14030318
01030222
16030829
01030129
16030618
21030419
18031227
14030817
16030619
09030577
18031028
07030225
02030524
05030417
14030627
22030501
08030428
01030642
21030328
16030838
09030590
04030120
09030334
09030686
07030532
04030122
18031033
10030233
22030524
18032436
23030226
16030634
08030170
16030434
18032113
22030710
17030203
21030305
02030206
16031119
22030416
02030522
09030575
22030205
16031002
21030403
20030304
08030112
07030803
14030604
18031512
18030907
18032011
07030924
18030504
15030310
09030305
09030306
13030108
22030406
20030707
09030518
04030206
18031006
03030308
20030507
09030307
18031943
18030302
14030106
12030304
06030206
07030909
12030806
18031005
05030303
14031006
05030404
16030805
22030504
18031513
07030204
18032504
05030304
12030905
16031010
01030406
18030412
18030209
18030709
20030634
23030220
06030418
06030829
05030118
21030730
15030532
04030231
21030827
07030910
13030102
13030202
15030101
23030101
21030605
09030109
14030608
15030509
22030208
15030116
07030939
06030806
15030407
08030307
13030310
09030619
13030309
21031029
20030609
07030706
14031107
15030603
07030805
16030208
15030213
08030306
20030405
18031208
05030405
16030905
06030406
18030510
14030406
01030207
07030707
07030806
06030610
03030406
20030610
15030406
20030307
16030806
12030404
20030730
21030706
15030605
21030503
12030703
10030304
18031515
13030407
18030206
20030308
17030210
06030609
06030110
01030806
08030535
21030210
09030716
18031516
16030107
21030606
18030330
14030204
15030214
01030808
04030209
10030510
18031412
11030109
07030106
14030807
05030705
06030508
13030406
21030406
20030306
16030603
07030306
18031707
09030407
18032012
18031911
18032205
14030607
07030206
02030308
18032014
22030711
05030908
01030104
14031010
09030207
12030104
06030112
15030119
18032110
20030404
22030307
22030507
13030308
21030806
12030208
18030105
06030709
18032112
09030521
01030206
20030309
13030213
06030509
16030509
07030807
13030311
08030115
18030605
09030522
12030704
16030808
12030910
01030507
01030306
21030607
09030621
12030504
20030612
01030807
03030408
21030942
18031103
13030212
09030717
18032109
12030604
03030407
15030118
07030105
12030503
01030505
09030620
06030611
16030209
05030806
01030609
18032111
22030407
22030712
18031517
10030205
11030110
09030409
18030106
14031109
06030405
16031118
06030209
06030608
16030709
18032310
03030409
18031209
18031708
08030522
18031613
04030210
09030822
17030211
15030641
09030623
21030106
01030704
21030707
18031614
11030204
07030504
12030308
16030707
01030205
12030812
21030211
21030807
10030409
16030108
05030807
02030106
07030929
21030504
20030611
16030604
01030506
06030612
22030306
05030805
18030204
09030311
11030307
16030807
18031615
16030708
13030312
15030117
22030506
18031009
18030205
14031108
02030205
15030313
18030706
07030602
18031410
07030505
08030405
06030305
18032408
06030111
20030310
07030107
09030408
12030811
02030204
16030906
21031048
16030405
07030926
14030808
18032013
18031411
09030110
09030622
16031035
15030510
06030510
16030605
06030404
20030723
08030406
08030102
09030105
18030704
09030616
15030111
07030804
18031306
18031204
14031104
22030207
13030307
23030209
18030509
15030212
07030705
16030710
15030405
21030905
18032309
18031409
01030305
17030209
22030317
14030915
06030821
18032424
09030422
05030923
06030128
20030325
18031534
06030532
21030416
07030821
14031123
06030634
04030229
09030566
04030113
09030501
21031004
18031301
21030701
03030102
06030203
10030507
02030501
12030302
18030601
18032402
14030201
01030301
09030604
18030803
05030502
20030501
18030503
17030107
09030517
16030106
14030402
14030603
15030309
09030818
05030905
01030403
01030203
18031511
14030820
08030303
20030303
16030904
09030802
09030602
18031403
14031103
07030407
12030103
11030128
18031304
20030731
16031125
16030205
20030505
03030307
09030404
09030405
13030106
09030615
12030502
09030816
08030110
22030303
15030208
15030352
18031510
16030505
08030404
06030207
14030902
18031810
16030602
22030706
09030308
11030306
18031705
09030820
21030603
03030404
02030305
09030712
13030304
07030205
10030406
10030103
16031131
12030602
18031609
15030612
05030205
15030112
18032505
04030207
14030702
18030505
20030205
12030807
18030705
21030404
12030303
07030406
15030619
21030212
10030206
02030109
18030707
02030614
20030207
15030215
17030208
12030603
22030505
21030407
01030705
07030507
16030308
14030810
08030408
08030116
09030826
18030107
22030713
09030720
20030613
18032018
04030212
18032312
12030814
16031106
07030808
18032017
12030813
16030907
10030305
08030207
21030808
02030309
14030609
12030706
02030405
21030811
22030724
09030835
07030933
06030813
20030112
07030810
08030316
22030212
15030412
08030315
07030309
17030216
07030113
09030836
13030412
18030714
22030410
07030511
18031113
12030820
13030318
07030935
09030643
12030213
09030735
18030915
07030111
12030309
18032317
18031713
05030107
05030208
20030516
18030418
18030417
11030209
18030713
14031111
06030811
08030126
07030811
16030712
18031014
10030421
21030315
02030601
16030214
10030420
05030410
20030726
02030213
18031523
13030216
20030115
12030512
17030115
15030621
14030706
06030314
07030414
16030315
02030212
12030821
09030413
07030413
06030520
07030112
09030117
17030215
12030707
05030509
05030508
08030215
21030812
11030116
18032214
18030617
15030132
08030127
08030216
10030309
15030323
22030213
23030218
09030540
14030824
16030713
06030812
16031033
10030308
10030113
01030310
20030113
16031104
15030220
05030916
18031525
15030413
08030523
11030115
15030322
18030616
22030509
05030106
18032514
09030840
20030114
18030615
09030415
12030513
05030209
18030712
21030214
18030419
18032416
21030613
09030414
08030317
09030644
04030242
02030615
08030416
09030317
05030810
09030837
02030116
20030515
09030839
14030412
15030324
22030510
14030905
16030817
03030115
07030611
05030607
18031919
16030816
22030111
09030838
06030620
07030907
09030541
15030130
14031112
18031712
08030415
18031114
09030539
01030236
18031524
13030319
18031415
18031216
10030422
20030316
18030715
15030131
17030217
13030121
14030711
20030126
22030218
06030126
20030217
08030226
02030129
10030218
08030146
06030632
07030117
15030421
22030219
21030721
16031040
06030229
12030827
21031039
12030614
22030733
15030334
14030815
04030109
01030628
08030511
01030630
15030333
06030823
15030530
04030110
08030147
07030519
01030124
09030852
18030430
05030415
05030313
01030631
21030723
05030115
16030322
14030418
18031722
14030114
07030425
21030919
21030722
16031016
18030924
15030234
07030616
20030627
16030116
14030313
15030422
06030324
21030625
06030822
16030730
05030312
22030220
21030819
21030918
21030627
20030125
14030712
21030520
02030624
18032517
12030615
01030516
15030232
02030520
21030912
18030429
07030318
21030321
08030149
04030111
05030715
06030127
02030219
14030624
02030317
14030115
09030129
08030148
10030219
14030419
18030319
16030429
08030225
15030614
03030122
07030118
18032423
18031121
07030717
02030623
06030824
18031321
15030143
18031927
01030629
14030210
17030129
09030853
10030426
10030427
13030225
18030521
21030820
06030323
21030115
23030125
23030126
18032224
13030416
17030225
15030142
18031723
07030221
13030122
12030920
04030228
06030633
02030519
14030314
15030233
22030734
13030324
03030321
18032516
02030318
17030226
17030130
06030530
18031634
18030923
09030854
16030926
21030626
18031822
06030413
22030415
07030317
10030428
09030855
01030313
05030922
18030428
18030122
05030818
06030531
03030123
04030241
01030517
18030439
01030636
14030921
21030325
10030317
21030225
07030621
09030671
04030233
21030731
23030130
21030422
15030243
13030421
16031049
07030724
03030220
16030623
21030524
20030222
18031229
22030739
22030740
01030417
06030329
01030131
01030713
14030319
17030230
18032138
20030737
06030541
08030423
14030628
16030224
13030232
18030453
05030720
01030524
18030440
22030520
18030722
09030146
07030922
06030143
09030333
22030131
09030819
16030127
21031008
03030329
16031110
09030866
13030132
18031426
01030637
15030150
02030229
20030529
10030321
10030435
16030121
14030320
14031030
09030581
18032040
18031641
16030329
07030231
20030530
15030151
20030134
18030224
16031011
07030432
14030719
13030133
09030760
09030223
14030720
08030162
18032331
18031125
13030332
10030125
09030137
18031636
09030859
07030429
18031026
22030616
13030127
06030131
23030128
02030225
16030827
05030315
03030324
22030615
08030322
06030536
15030236
02030612
14030716
01030318
18032521
18031025
18031941
10030313
15030336
21031034
07030320
09030425
22030418
18030625
21030937
21030939
09030573
05030820
09030660
21030224
06030235
22030516
18031928
02030226
09030574
18031724
13030230
21030521
09030426
07030120
05030716
05030717
20030720
13030229
18031424
02030227
16030616
02030228
06030416
16030221
22030225
15030423
16030302
02030502
14030401
17030202
09030505
16031046
21030101
20030313
02030207
02030406
07030308
18030806
09030209
06030214
20030406
18031309
18031210
06030807
18030208
22030714
09030527
06030614
08030209
07030911
21030810
14030409
07030603
08030309
14030305
01030612
15030316
20030715
11030207
08030411
18030409
03030412
18031106
01030209
21030213
18031105
07030604
05030911
05030505
21031021
06030306
16030110
18031709
21030809
18032019
22030107
17030212
10030503
12030815
12030506
14030611
08030410
16031127
11030111
15030120
09030827
18030708
07030307
15030607
22030715
12030505
13030315
21030608
14031110
16030607
05030504
14030408
02030622
16030408
16030512
05030808
10030411
02030310
10030108
16030908
16031018
09030112
23030212
16031004
07030411
02030611
06030113
16030606
05030406
04030216
02030610
08030409
09030722
18030108
01030210
12030407
05030708
06030514
21030310
06030513
05030707
06030215
14030108
15030511
08030412
06030114
18031620
06030515
15030622
06030213
10030412
18030807
22030716
18030410
16030513
06030825
12030518
14031124
03030322
18030821
18032518
16030731
01030136
14030713
06030535
20030130
22030221
20030131
09030571
07030223
12030114
09030135
20030628
21030724
06030232
08030228
17030227
18032427
12030828
07030319
14030117
07030934
10030124
05030416
04030112
09030572
18032226
10030429
21030930
09030657
18032326
09030216
07030426
06030826
09030658
17030108
18032306
04030215
02030118
06030621
12030708
22030112
07030712
12030214
09030118
09030843
02030120
02030119
17030117
03030207
18031921
20030212
15030222
05030610
18031624
04030222
01030511
06030120
17030118
08030128
16030216
06030648
22030512
16031015
18030620
18031920
07030812
07030713
14030619
06030522
12030709
13030413
09030119
18031623
01030314
18030217
09030131
22030735
20030706
18031420
15030635
16030430
03030125
07030719
22030612
16030324
18031635
18030433
18030434
10030502
10030431
02030230
03030323
02030132
14030421
21030821
20030724
09030132
06030402
16030102
14031002
09030804
16030702
18030301
16030703
22030101
23030201
16030502
02030102
14030102
22030701
01030401
22030301
01030801
15030502
12030801
21030803
16031141
09030570
20030629
12030517
07030119
18032426
20030329
18030320
06030545
13030136
06030641
05030725
07030131
14030924
09030504
18032134
07030932
09030568
16031113
15030346
14030219
20030534
03030428
12030521
02030145
16030632
21030836
18031232
20030139
18032240
14030322
18031429
06030724
03030222
02030146
20030714
10030522
04030119
20030642
15030537
14030427
15030345
05030724
21031001
05030522
22030623
18032530
07030703
01030304
18030303
12030906
16030809
14030703
17030112
22030108
04030102
18031906
12030306
21030932
09030761
20030223
16030536
16030830
16031114
12030418
04030118
18031231
07030918
07030726
09030683
18032239
21030301
06030101
18031809
23030211
02030617
18032508
18031619
09030410
01030405
15030315
06030210
02030110
03030111
20030107
14030610
21030307
01030508
20030312
07030207
16030909
12030406
09030525
16030818
15030158
21030628
12030617
22030417
09030656
14030116
07030833
18031328
03030223
16030432
16030226
16031102
15030435
20030537
21030429
18030814
18031017
21030616
10030117
16030714
09030418
06030523
09030737
08030221
01030512
09030121
22030725
14030207
21030712
12030410
16030611
16030415
21031005
07030312
16030916
06030622
22030214
21030814
20030736
03030209
13030117
09030419
14030620
21030410
14031113
03030316
08030536
13030218
12030111
21030215
08030130
12030112
09030844
18031818
22030411
12030110
03030210
08030218
16030917
21030316
09030646
16031037
13030217
09030554
07030921
06030626
15030133
16030819
18031923
22030311
17030119
18030452
02030121
15030516
07030417
09030736
18031018
08030131
16031138
16030717
06030624
06030623
12030710
06030627
21030813
05030811
17030218
18031716
01030116
23030120
07030912
20030728
05030110
22030609
16030719
16030613
15030326
09030123
01030513
16030821
06030526
06030224
20030118
04030223
12030914
06030223
16030716
08030526
03030118
14030908
16030715
22030113
18031922
18031717
09030552
18031819
08030135
18030716
18030717
09030550
05030510
07030217
06030713
16030316
18032319
18031718
18030917
20030716
21031046
03030414
03030208
09030417
21030617
07030614
14030111
07030416
10030511
13030219
07030418
07030314
13030221
08030132
21030512
22030513
12030915
03030318
16030918
12030310
15030417
01030118
20030213
20030318
15030224
08030539
09030556
15030135
05030814
10030519
07030420
18030517
17030220
17030122
10030423
10030214
09030120
20030410
18030116
01030115
10030424
16031021
10030118
03030119
12030311
18030214
18032318
18030213
21030713
09030647
18032418
05030812
15030225
18030918
18030316
02030603
15030134
21030411
13030321
12030609
22030118
23030121
10030212
20030214
02030214
16030416
18031019
09030122
18030117
14030311
11030120
18030518
09030214
09030846
10030518
21030901
11030119
18031118
16030523
06030715
14030813
09030318
18031528
02030616
15030223
08030129
12030610
05030918
21030714
16030317
07030514
16030522
09030738
18031318
14030208
03030317
09030845
14031015
14030413
14031114
21030317
12030411
03030117
18031816
20030411
21030511
06030625
14031014
18032320
07030714
18031217
09030421
12030824
17030219
15030611
16031140
22030608
08030219
06030122
22030116
01030411
18031526
14030414
07030313
06030525
14030909
10030116
09030549
15030136
02030123
20030738
22030726
21031017
07030513
06030315
14030112
16030718
16030820
08030418
09030559
18031527
21030619
05030511
10030213
09030648
18032124
16030417
08030134
09030558
16030419
09030560
05030815
16030720
22030215
20030119
18032218
16030420
18031416
09030420
16030919
22030312
10030425
06030716
07030515
01030114
05030412
01030621
16030521
18030114
01030709
07030516
21030815
06030121
09030553
07030813
09030557
07030419
01030211
10030119
06030316
01030311
14030709
07030421
06030410
05030813
23030122
18032217
01030622
21031027
08030133
18031317
09030740
09030555
21031043
22030727
15030416
01030113
22030114
18032125
03030315
15030415
14030113
12030215
02030507
20030517
06030524
18031628
21030513
16031123
01030812
20030413
23030219
02030508
15030517
16030421
06030225
21030618
02030607
18031627
21031035
22030115
21030216
18030621
08030319
08030419
20030412
18031626
11030311
16030612
17030121
18032026
15030636
12030514
20030718
18031817
18030815
09030778
08030220
08030136
22030119
12030825
04030224
09030742
06030317
02030122
18031625
16030418
06030814
01030117
22030120
20030117
13030414
05030816
13030220
05030111
05030309
10030310
14030310
01030811
22030313
16030524
15030226
14030910
18030115
14031016
06030123
21031018
22030117
06030714
09030741
18031719
18030920
09030649
05030424
05030620
09030594
06030727
14031034
07030834
13030137
21030532
02030235
07030328
15030539
02030335
12030220
10030440
20030341
06030144
17030234
17030146
09030774
15030156
02030630
01030643
20030145
05030226
21030837
21030828
08030235
05030418
05030321
03030128
07030940
10030318
02030136
12030118
06030830
06030419
15030426
16030626
09030580
07030725
14030629
18032525
15030148
07030325
21030526
09030222
10030530
07030228
16030736
21030633
13030233
15030341
06030721
14031029
01030714
10030129
16030624
20030528
15030244
06030138
21030829
16031126
18031230
07030622
16030120
07030323
09030221
09030327
06030137
18032527
18031539
17030138
09030758
20030636
07030322
02030324
18030442
07030125
09030864
13030333
18031933
18031640
18031931
02030137
14030124
06030330
14030123
09030675
21030123
16030831
13030335
15030643
09030674
13030234
04030116
07030126
08030328
05030515
09030759
18030324
05030516
21030830
16030627
09030865
08030525
15030149
20030336
06030420
18030441
02030325
15030342
18030929
14030922
18032039
18031126
18032434
21030732
02030326
06030831
08030163
18030443
09030143
21030122
09030144
07030229
18032139
16031105
16030625
20030335
12030520
05030217
18032234
18030723
09030676
18032526
11030214
23030221
13030423
14031129
18031425
10030128
02030414
01030418
13030131
18030222
13030334
15030625
09030672
22030321
13030422
18031326
16030933
10030319
05030419
07030230
02030605
03030221
18031729
04030234
18030221
18031932
06030542
18030524
23030131
10030521
10030320
02030525
18031934
07030324
18030223
04030235
12030119
21030423
09030673
08030236
15030343
09030677
18032433
23030222
05030721
16030932
18032332
05030218
18031127
06030421
10030229
06030415
07030902
01030644
16030704
09030627
16030810
15030121
16031013
17030233
03030224
21030327
16031039
14030430
06030244
09030877
22030749
07030535
08030430
01030233
16030336
08030176
15030351
20030347
06030841
03030226
18031133
10030135
06030730
08030431
07030138
16031135
20030649
16031050
08030432
22030133
17030151
21030740
02030531
07030435
21030430
06030707
21030822
09030134
01030632
03030217
10030220
13030326
21030230
05030101
05030204
18031509
15030110
23030207
09030710
06030108
18032203
14031005
07030303
06030107
18031303
09030516
21030104
17030152
05030803
12030102
14030316
09030754
04030114
09030664
21030120
15030338
03030327
09030755
18031929
05030215
18030435
16030617
05030319
12030519
18031726
11030317
16030735
16030532
14031025
15030146
07030524
08030154
22030318
15030239
01030712
08030324
10030226
22030517
14030422
06030417
14030215
17030135
10030126
18030436
20030631
21030824
10030314
03030421
18031226
18032036
18031633
12030413
08030145
14031022
04030227
21031041
11030125
01030317
18030926
15030606
22030613
16030122
09030689
09030229
15030249
08030519
14030325
14030903
14030323
20030340
15030431
18031938
15030347
08030167
07030625
22030624
10030132
18030827
14030428
18032335
18032045
01030640
10030231
18031130
21030922
13030340
06030835
09030588
05030121
01030419
20030140
06030425
22030522
06030725
06030239
18031032
01030322
18031430
15030538
21030906
18030228
14030925
01030639
13030236
18032145
13030237
06030141
03030429
16030837
18032242
05030930
21030636
02030147
07030326
01030716
18030326
18031544
18031939
12030724
16030738
07030531
18031233
08030529
08030426
10030325
09030589
18030229
10030438
12030926
14030221
14030722
18030446
21030424
01030420
13030341
20030142
02030148
12030835
15030154
21030227
01030531
09030428
20030535
21030502
09030406
18032108
18031205
10030520
01030204
09030309
21030207
20030104
01030703
18030506
16030207
05030605
09030206
13030306
06030505
18031812
18031706
21030708
21030206
18030203
18031407
05030207
21030208
03030405
07030103
12030810
10030407
08030202
06030708
07030305
18031908
05030907
16030711
07030704
01030608
23030109
22030718
02030506
06030403
09030618
11030108
15030512
06030504
02030619
09030617
17030206
18031907
15030209
10030104
14030904
22030105
02030606
18031406
17030207
15030114
08030113
14030203
17030109
22030719
22030206
16031122
07030102
21030105
22030104
13030211
01030606
03030309
09030108
15030210
01030607
18031811
18031909
23030108
21030209
18031007
18030408
18030507
03030109
14030606
18032307
18032506
09030714
09030715
15030513
16030911
02030629
01030404
09030520
06030810
20030614
16030811
12030307
12030206
09030106
15030613
14030405
14030404
16030506
18031611
07030104
01030702
06030208
20030206
18031408
16030910
08030114
15030115
16031022
05030305
08030510
15030211
12030809
09030107
18031514
23030107
21031036
06030809
18031307
08030305
14031009
18032204
08030304
05030704
18031910
06030507
07030409
18031008
08030532
07030905
15030312
09030310
14030107
14030806
06030506
08030505
22030305
16030507
09030519
14030403
16030912
10030408
09030821
16031006
06030808
16031112
18030508
18031206
12030403
10030303
08030203
18030908
18031612
16030721
16030319
18031220
18032128
16030217
18031531
21030114
16030426
18030817
21030516
16030424
07030814
18031418
21030113
07030904
18031120
01030814
01030121
06030226
14031116
20030520
06030816
21030623
15030520
16030321
18030120
12030515
04030226
01030312
01030212
12030916
17030126
02030125
18032422
18030317
12030313
20030619
20030122
02030410
18030718
12030412
09030321
01030819
01030816
21030218
21030622
22030123
11030210
03030416
03030213
20030215
09030851
22030610
18031721
01030627
08030533
10030216
16031041
16031124
16030920
14030914
07030815
06030412
01030710
03030215
18030427
23030124
12030919
18032222
22030412
09030323
05030920
12030315
22030514
16031038
13030224
09030744
06030528
12030223
11030211
15030519
02030127
20030621
16030722
03030121
13030119
06030411
15030231
21030320
01030626
21031015
05030513
14031117
16030318
18032129
20030523
18032130
18030819
17030127
21030517
15030330
15030140
16030528
18030934
16030529
05030113
16030724
14030312
10030523
12030113
09030651
05030817
15030331
11030123
15030329
16030320
18032421
16030425
20030216
18032131
06030817
18032323
14031020
14031019
18031022
11030124
20030123
18030426
21030219
13030323
18031532
20030323
08030143
17030222
13030120
09030564
07030424
12030918
01030123
15030141
11030313
08030537
02030411
05030311
15030518
22030611
14031115
21030414
16030822
12030712
13030415
22030122
07030716
18030921
21031044
08030224
12030217
11030122
09030215
18030818
08030223
07030116
22030217
02030126
21030816
09030745
20030521
20030322
18030520
16030723
20030124
20030620
02030218
14030417
08030320
08030144
16031043
02030625
10030217
20030414
03030212
18032223
21031026
03030214
18031925
03030211
06030815
02030510
05030921
17030223
21030624
16031008
10030123
16030725
10030505
13030118
22030414
21030911
06030718
01030813
06030228
01030214
20030733
21030415
16030427
21031019
18031417
22030515
07030916
02030509
09030322
15030139
12030314
12030917
15030229
21030519
16030527
05030714
23030123
22030413
16031028
15030138
06030227
05030112
18030216
20030522
01030213
07030615
05030114
14031021
17030224
21030518
09030563
20030622
09030746
16030428
18030425
18032515
18030318
16031121
18030119
18031926
06030631
15030420
07030316
01030815
18031720
18030719
06030719
12030713
01030122
20030708
09030565
17030128
18031221
16030115
18031632
18030622
15030230
20030324
03030320
16030530
21030514
16030423
16031017
18032219
18030118
18032251
08030420
18031218
08030137
06030124
10030215
12030312
15030327
13030223
08030222
12030611
12030612
01030614
18031413
16030823
12030106
18030110
12030912
20030120
09030124
01030514
06030717
17030124
18031020
20030741
21030620
21030318
01030119
21030716
01030412
14030911
18031119
14030415
18032031
15030228
04030225
03030415
03030319
07030517
02030316
05030611
21030112
18032030
06030321
07030422
21030413
06030629
21030715
14031119
21030621
06030628
18030215
12030826
18032321
21031042
08030139
07030715
16030726
06030320
22030216
21030111
08030138
17030123
21031025
08030140
18032419
18031820
21031038
05030212
18032220
16031048
18031319
07030219
18031219
16030921
16030525
09030650
01030515
01030625
22030316
18031924
07030518
14031118
20030319
14030209
22030315
20030121
18032126
22030728
05030413
07030423
14030912
14030416
02030409
09030127
18032032
15030137
02030217
09030743
10030120
09030849
21030515
18030424
12030216
14030622
02030216
18032322
09030848
10030311
15030328
12030711
15030419
09030128
18031530
05030213
22030314
11030121
12030613
03030330
14031018
16030526
05030512
18032221
15030418
05030919
10030312
21030817
07030817
20030320
21030412
17030221
14031017
18032127
15030639
14030623
06030322
18031630
15030630
18030519
21030319
21030717
18031629
09030561
02030512
13030322
08030141
10030122
18031529
06030125
21030933
21030943
14030710
09030126
03030120
02030511
14030913
10030121
18031021
22030121
17030125
09030125
07030315
18031631
06030527
09030562
07030220
18030423
08030142
20030623
15030521
05030414
05030310
01030120
20030519
11030312
09030857
06030325
21030823
08030227
21030725
20030734
04030247
20030132
18031122
14030315
02030320
07030222
06030246
20030218
14031024
18032519
13030418
08030152
16030220
20030416
01030235
09030861
18032429
18030321
14031126
21030726
20030417
10030223
07030522
14030717
09030860
01030634
05030214
03030325
15030601
02030134
18031123
18030724
18032041
21030326
18032141
14030818
02030602
07030527
22030741
06030722
14031032
02030332
01030237
16030433
03030130
09030767
05030618
01030321
18031937
21030529
05030120
16030227
12030723
09030328
18030726
05030222
09030684
09030227
07030530
18032241
16030739
05030323
09030766
18031543
16030539
18032246
21030534
15030640
16031134
12030624
01030646
22030529
15030604
18031651
20030147
14030724
22030222
14030917
21030118
01030316
21030117
09030133
06030130
12030714
16030531
20030204
15030238
18032230
09030663
18031225
07030127
12030720
07030528
08030329
20030339
20030637
15030608
18032528
18031642
18030226
08030237
03030425
02030327
02030231
07030936
16030628
18030629
05030804
21030405
18032507
12030207
23030208
20030305
06030706
09030814
18030906
09030709
11030303
10030405
20030602
02030105
15030207
14030805
08030302
09030711
04030213
01030611
21030108
18030607
05030910
22030720
18030207
08030208
18031011
16030407
20030727
16030210
22030209
16030310
18032409
18032410
20030615
21030308
07030809
13030314
07030208
06030511
04030214
09030721
21030709
07030901
16031052
03030203
06030211
14030407
16030311
04030104
06030512
10030207
18030512
17030110
08030118
18030811
01030620
09030213
11030118
18031714
20030317
21030614
18030618
22030511
07030310
08030417
09030542
20030624
02030608
05030108
18031115
14030906
09030842
15030522
18032215
15030414
09030841
07030415
15030221
10030114
18030313
14030707
18031815
07030931
01030112
07030710
08030318
22030729
20030116
15030325
07030612
18030314
14030618
04030221
07030114
15030525
18031016
18030812
09030543
18032417
09030544
18030420
05030210
07030512
05030109
05030211
18030421
09030416
18032025
16030412
16031129
18031015
18032216
14030309
07030711
01030708
05030608
06030409
14030907
09030546
06030712
13030320
14030708
10030115
16030114
23030118
05030917
23030119
12030823
18032024
23030117
21030615
07030215
14031120
12030913
18031116
16030922
10030211
23030116
08030217
18030619
09030548
18031117
04030107
18032123
06030118
16030413
17030116
15030523
15030524
09030547
09030545
07030613
07030216
02030117
18030516
02030314
15030623
07030311
15030634
01030810
14031121
06030117
18030315
06030119
18031315
09030645
16030414
05030609
05030411
03030314
16030215
18031715
14030617
22030730
06030521
02030513
23030115
14030715
05030819
18031824
21030323
12030218
09030136
01030127
18030225
20030337
18031540
14030425
15030354
07030903
22030230
22030132
20030146
20030342
18032244
02030154
20030647
01030532
09030698
18031431
16030132
14031142
02030621
05030125
06030547
16030547
01030328
22030327
07030629
09030697
20030346
14030929
16031023
01030135
01030134
01030330
09030500
09030875
05030728
07030915
15030541
16030335
02030338
05030624
22030530
21030129
13030239
15030350
18031834
06030729
09030599
18032147
06030548
01030329
14030223
21030128
15030436
18031652
08030514
18032341
13030303
22030425
18030932
12030621
23030138
13030344
12030123
22030326
18030450
15030308
02030104
08030515
18031519
12030705
18032122
03030116
07030428
18030703
01030103
15030504
18032303
16030706
09030607
02030503
23030203
22030403
07030403
18031507
16030104
09030808
18032201
18031903
13030104
07030801
21031010
07030502
13030206
16030705
18030904
07030302
09030805
09030806
12030902
18032009
10030403
16030802
18032304
12030601
09030203
13030205
09030302
17030204
09030508
18031901
18031404
04030203
22030201
07030920
01030303
22030603
18031302
09030704
09030705
15030107
16031005
20030102
20030301
18031805
08030534
18031904
15030402
21030204
07030404
23030204
13030404
07030202
17030104
20030606
18032404
18032406
05030604
15030617
08030528
08030106
09030706
18031002
13030403
03030306
09030811
18032004
11030301
09030507
18030202
07030501
09030102
06030703
15030305
21030601
15030609
06030704
05030202
09030608
12030804
23030106
09030708
09030402
21030704
15030505
09030609
15030203
18032106
16031130
17030102
18032008
09030606
08030403
22030602
09030205
05030903
21030602
18031202
18030602
05030603
03030105
18030104
05030402
09030611
20030504
15030404
16030804
16030304
01030605
06030502
02030401
09030506
02030202
06030204
16030402
18031902
18030502
15030506
23030202
21031009
15030503
06030102
18032403
10030102
20030502
09030204
16031031
21030205
18032104
14030601
12030903
04030204
18031506
21030920
05030102
13030204
21030804
20030739
18030501
16031120
21030916
22030202
18032502
22030405
01030402
07030405
22030704
15030633
09030813
15030306
22030302
04030202
18032405
17030103
06030802
14031003
07030802
03030104
01030102
11030106
09030514
03030108
21030703
18032005
20030103
20030302
16030203
12030805
06030106
16030103
05030902
21030302
12030802
15030356
01030302
20030402
22030203
20030725
10030203
20030503
15030103
22030703
18031101
16030105
02030402
13030302
18031803
05030301
09030809
21030924
09030403
08030301
22030204
13030405
15030205
09030510
11030302
01030501
07030914
11030105
12030702
03030106
02030156
16030303
16030504
23030105
18032107
01030802
20030604
13030208
15030304
16031139
06030205
18030805
21031030
21030934
10030525
04030243
10030504
18030404
14030803
02030302
18030103
18032006
18030201
22030102
20030101
02030504
08030105
23030104
16030901
06030104
05030802
18031606
09030707
12030204
09030812
18030406
18030405
18032007
09030610
16030202
18031203
21030103
01030202
03030305
21030401
12030803
01030502
23030205
09030303
02030632
18031004
09030104
08030108
16031143
09030605
06030803
21030102
14030302
12030203
20030603
06030503
22030604
10030516
06030105
01030101
18031508
01030137
18031806
07030941
16030601
05030904
14030804
03030107
18030403
17030106
01030603
15030104
09030511
13030210
18031607
18030604
15030206
13030105
09030515
18031102
21030402
02030203
15030105
01030602
20030403
14030103
13030207
21031022
22030702
16030503
20030607
11030203
02030304
16030902
21030303
14030602
16030204
01030503
10030404
09030612
18032302
20030202
17030105
10030514
18031804
18030905
16030903
01030604
21030914
10030524
18032105
09030103
11030104
15030204
20030605
12030402
15030403
15030610
17030205
18030603
21030909
15030106
06030103
01030803
22030404
18032305
15030108
14030303
13030209
03030401
14031004
06030604
21031024
18032202
05030203
18031807
22030103
16030803
04030205
15030307
18031905
18031605
07030203
21030705
09030513
09030878
09030810
10030202
06030705
09030512
14030104
06030804
05030302
23030206
15030507
11030107
02030303
18031703
08030107
05030602
18032103
13030103
06030603
09030613
15030109
07030913
09030509
12030101
18030702
03030402
01030504
05030403
14030630
12030622
20030343
09030815
06030109
13030109
15030113
13030110
14031106
04030208
14031007
03030202
16030307
14031105
20030508
14031008
16030306
14030605
18031610
21030501
05030906
07030408
08030201
09030304
08030109
18031942
18030407
01030805
13030111
13030305
09030713
02030307
15030627
12030808
10030204
01030219
03030131
08030168
02030333
12030927
22030626
12030834
09030147
03030430
15030632
08030332
09030871
18031536
01030217
07030919
02030609
20030539
16031025
18032249
21030638
18031836
12030908
07030906
22030707
05030206
07030304
12030909
20030704
02030306
01030804
16030305
22030709
22030708
15030311
20030608
06030304
16030206
07030503
18030511
09030825
18031618
14030304
05030103
13030409
01030107
06030638
18030721
09030665
16030326
01030218
06030639
02030329
10030130
20030532
02030416
02030330
16030629
21030903
20030531
10030512
08030165
02030140
08030424
06030543
18030527
18032142
01030225
16030630
09030763
23030223
23030132
14030633
14030634
14030632
18030444
09030680
07030623
09030867
18032044
01030226
22030227
06030338
21030533
06030838
18030448
01030818
18032245
01030719
18032532
13030138
01030232
21030426
15030434
06030728
03030134
11030219
16030437
09030430
09030596
16030542
22030528
04030239
04030121
16030543
12030122
07030533
21031037
12030929
18032535
21030738
06030426
16030229
01030717
18030447
16030333
16030740
11030217
23030225
22030523
09030768
18031732
08030169
05030324
16031020
14030723
09030228
10030232
16030633
20030710
17030144
11030320
11030136
03030225
21030907
18031650
05030523
02030321
21030226
09030685
06030726
05030520
16031111
01030718
11030220
07030330
16030131
14031037
14030329
07030136
10030441
20030645
10030506
20030538
01030327
14030927
10030235
16031133
16031009
09030694
06030429
02030337
08030433
18032117
16030211
06030615
18031107
20030616
12030911
23030213
02030208
09030748
01030315
06030827
18031549
12030623
18030729
20030345
09030598
18031735
05030525
01030421
09030693
15030349
09030230
14030327
14030328
13030327
06030636
03030418
18031419
16030323
18030820
16030927
03030124
08030151
09030569
02030413
05030925
09030130
12030316
21030609
18031821
09030145
14030819
05030420
07030233
12030120
07030624
03030129
18032144
22030129
14030928
07030137
09030696
22030747
20030646
22030232
09030695
07030628
07030238
05030623
01030645
09030224
05030517
05030929
07030128
21030831
06030723
13030336
18031643
18032236
15030246
18032238
01030525
17030140
07030218
16030422
14030621
02030215
20030518
21030718
04030108
18032029
02030339
01030623
21030217
02030315
15030227
07030115
01030624
13030222
18031224
18031027
05030316
06030537
21030629
13030329
06030236
01030128
15030637
03030420
18032327
15030424
18031825
14030213
10030225
14030214
18030124
05030116
13030419
07030523
12030115
05030317
09030661
03030326
09030753
18031725
20030705
18032229
18030125
18031826
14030212
11030316
14030919
20030330
15030237
18030626
05030318
18030627
18031332
09030862
15030337
11030127
08030506
12030618
09030576
22030737
17030228
14031127
06030133
09030138
12030923
14030918
22030419
06030132
21030727
09030662
18031827
02030336
18031548
20030141
05030421
12030907
12030305
13030116
18030614
18030415
18032120
09030116
23030114
03030206
15030129
18031414
09030538
20030211
21031028
14030110
18030113
18030416
13030317
18032121
07030510
12030819
20030415
20030630
06030720
09030655
15030144
13030417
16031132
09030856
16030218
03030417
14030420
18030925
20030525
21030322
07030718
13030123
20030328
18032225
17030133
18032034
20030326
20030129
13030124
10030515
06030635
16030614
18030720
03030216
11030314
14031023
02030521
06030231
02030222
02030412
01030711
07030520
01030413
02030221
20030327
06030414
16030615
14030626
15030145
18032425
07030923
16030219
07030521
08030321
18032227
20030632
13030328
01030519
10030137
08030161
17030136
18030454
05030122
08030171
21030737
02030334
14030324
01030324
16030839
22030525
01030230
02030233
18031234
08030172
18030128
06030240
14030126
02030528
09030688
01030231
23030133
04030238
03030132
12030121
05030422
18030127
07030434
22030526
18030828
23030134
12030837
22030323
14031136
21030838
12030525
16030936
16030129
22030424
14030926
09030149
02030234
11030137
08030516
09030770
23030135
05030619
10030133
02030149
16030742
22030130
15030618
07030937
11030138
18032336
10030234
18032047
12030526
01030133
18031131
16030635
01030325
10030439
09030771
18030829
07030327
22030324
14031137
08030508
02030150
09030772
16030230
18032531
15030348
18031545
09030591
21031031
09030593
05030423
06030642
09030773
08030173
16031051
05030224
18032250
06030242
08030174
18030328
18031733
09030592
07030132
16030436
05030325
18032146
08030333
20030144
09030331
05030822
16030937
03030133
07030727
13030342
08030239
09030150
21030425
18031831
18031649
18032049
06030241
16030130
18030327
18032243
14031033
05030225
15030155
07030133
22030744
10030508
21030839
16030334
07030235
18031329
14031140
09030775
21030428
14030222
17030236
22030325
08030429
06030243
17030149
18031547
09030597
09030691
07030534
14031035
02030153
22030231
15030355
04030240
23030139
14030326
18032338
21031047
02030151
16030545
14031036
21030840
09030776
14031141
06030645
18030728
06030428
05030124
09030692
18031734
16031137
06030840
23030227
21030926
16030842
02030152
18032339
18031944
06030145
20030536
20030422
20030648
18031835
23030140
22030531
18032050
12030419
17030237
22030631
22030630
16030745
09030876
20030729
13030425
13030345
21030915
09030699
03030431
13030240
22030328
18031432
18030830
13030139
22030428
20030148
16030844
18032534
12030928
22030629
22030748
05030326
18031736
18030451
15030624
09030600
18032337
18032340
21031011
07030526
05030928
08030327
14031130
02030627
15030533
06030540
18031829
16030328
18031728
14030424
15030147
16030223
08030512
21030908
21030944
15030534
20030419
21031002
10030316
21030421
05030719
12030219
16030934
16031036
18030438
16030535
21030632
06030136
18030220
04030232
07030723
06030832
18030449
06030546
08030240
17030147
05030622
09030690
22030426
06030839
18032020
09030874
05030621
18031331
14030639
08030507
18031833
01030326
10030107
20030106
10030513
18030909
21030931
16030813
15030159
11030308
20030709
18031912
16030109
21030306
09030312
18032114
18031518
07030506
05030706
01030208
08030308
15030409
08030206
05030306
18032015
21030505
21030710
18031010
10030410
18032115
16030812
09030823
02030108
02030107
18032311
04030211
12030209
22030722
23030210
09030625
12030405
18031104
16030510
07030942
02030404
16030511
15030602
14031011
18030606
20030732
22030721
20030418
18030218
09030757
08030157
14031131
22030619
18031639
07030234
05030223
09030335
09030148
09030329
21030531
14030638
07030627
10030326
20030143
12030836
06030142
01030323
09030769
22030745
06030336
16030938
16030540
21030125
04030237
09030330
18031648
12030523
18031034
08030238
20030225
18031647
15030248
22030746
12030524
16030840
02030529
07030433
21030126
21030124
09030687
16030435
15030540
01030229
17030148
14030429
12030527
20030226
20030344
21030938
16030843
09030151
09030652
02030128
02030514
18032033
14030814
18031533
18031320
06030529
02030101
18032415
13030115
16031047
03030218
09030427
09030752
18030927
08030229
07030620
14030317
08030230
10030224
09030582
21030527
18030725
02030138
12030318
14031132
22030226
05030617
18032235
21030733
20030338
20030136
15030427
12030320
15030628
16030931
18031637
06030237
01030319
01030220
16030222
22030518
18030437
01030635
14030816
14031026
10030501
01030221
15030241
12030717
22030127
07030122
03030219
18032231
07030928
18031124
15030531
09030139
07030224
22030617
12030116
22030128
16030117
16031019
15030240
22030420
10030432
09030140
14031027
18032135
22030319
03030422
07030824
03030328
20030133
18030823
21030728
06030539
12030414
07030825
12030317
10030433
18032523
09030756
08030156
11030318
07030123
13030128
20030633
21030928
18031638
06030134
20030331
06030538
06030327
14030120
14030920
02030135
21030522
21030729
07030826
18030322
20030220
06030326
21030825
18032432
22030320
18032430
21030121
01030320
08030325
16030327
18032431
05030615
15030616
09030666
17030229
09030218
08030231
22030738
14030423
12030831
18031930
06030135
16031014
16030534
16031108
14031128
21030418
18031132
07030237
05030524
18031546
18031330
18031704
20030203
18030121
18032132
06030212
21030309
18032206
15030526
20030421
15030508
21030203
18031604
02030201
13030301
18032003
13030402
18030402
06030702
06030602
18031802
10030136
22030304
18031617
09030626
14030205
16030406
21030107
01030106
09030824
01030610
09030111
22030106
16031007
18032016
18031913
01030809
15030320
20030111
18032316
09030640
16030845
16030520
09030641
05030409
09030212
18031215
23030217
05030915
06030711
18030914
02030408
07030938
05030809
06030222
07030214
09030834
01030619
08030125
18032513
05030713
16030113
15030321
20030625
07030818
18031622
16030610
03030114
14030616
14030615
02030618
04030219
14030705
22030731
03030205
16030213
09030642
09030734
06030818
10030307
21030719
18030515
08030150
08030509
17030131
02030220
14030625
05030314
05030924
20030128
10030221
16030928
06030533
20030127
14030916
14030211
22030124
18031223
18032325
17030132
06030129
16030732
09030567
09030653
02030131
18031322
13030226
16030929
11030126
09030747
18032324
12030616
02030319
15030335
21030417
06030534
06030230
13030325
16030733
18031023
20030524
09030324
01030215
12030516
21030116
22030125
04030230
09030654
08030520
11030315
09030858
12030830
21030223
08030422
06030234
03030126
02030224
01030633
18030822
13030228
07030619
18030624
07030827
09030142
14031028
21030324
22030742
15030638
21030734
10030127
21030832
16030622
16030621
20030334
08030326
01030523
16030119
15030242
10030228
08030234
18031727
06030833
05030927
18032038
04030115
22030620
12030117
16030737
18031537
09030220
06030328
14030121
13030231
16030935
07030722
18030219
08030158
08030159
11030213
18031030
09030579
20030703
12030925
03030424
05030514
10030528
05030216
18030935
21030523
14031133
08030160
18031538
01030416
14030122
22030519
21030220
09030424
01030126
08030153
18030523
02030133
22030224
14030118
18031422
18031024
01030518
01030216
18032035
18031550
06030233
12030921
03030419
05030612
16030930
18030623
16031136
08030421
12030829
01030125
21030923
13030227
09030423
22030736
07030822
23030127
20030526
01030414
21030221
22030223
07030617
16030325
18031421
20030527
18032522
02030523
07030121
16030533
20030717
21030826
15030339
02030322
11030212
15030425
14030119
22030126
08030155
01030224
11030132
16030832
04030117
22030423
18032043
18031830
01030715
20030740
17030231
04030236
20030638
09030762
14030631
18030526
02030328
06030139
14031134
11030133
06030331
05030518
18031644
18032237
14031135
18031730
21030634
12030619
14030216
18030227
18032042
09030583
09030679
15030152
09030678
18030126
06030640
21030910
20030639
01030132
05030722
21030735
07030828
15030428
21030833
02030139
15030245
08030164
02030415
22030621
09030584
18031731
16030537
17030139
18031541
20030701
18031427
18030525
20030617
18031813
06030710
13030214
08030117
15030514
16030309
16030913
11030206
08030531
05030909
18030312
11030117
16030727
12030822
09030217
03030127
22030614
14030220
21030427
01030720
08030541
10030327
09030313
09030719
18032116
16030410
01030109
23030110
09030631
10030208
15030527
20030407
09030314
15030218
15030620
01030407
16030516
18030808
15030123
10030109
07030607
12030507
16030515
15030126
16030728
11030309
18030610
18032412
12030508
09030726
20030712
14030306
09030529
08030120
09030113
07030606
18030413
15030124
09030531
06030617
03030311
08030521
16030212
03030310
18030710
18030307
09030725
15030318
23030111
18030711
02030620
03030204
09030632
16030411
10030414
09030724
07030210
06030310
09030728
20030315
08030524
15030125
02030516
09030727
12030606
14030307
08030310
06030216
16030313
06030311
17030213
21030408
14030613
11030112
20030208
18030609
18031711
16030824
05030307
16030517
17030113
14030308
09030530
14030612
07030708
18031212
18030513
09030315
18030611
16030609
06030618
18032208
23030214
18032023
09030832
14030811
01030110
16031026
14031012
01030409
09030733
11030114
18031915
09030532
21030610
02030113
18032413
16030924
07030819
18031213
18030414
07030108
04030106
20030110
12030816
18030210
18031314
20030511
09030634
09030316
03030413
21030921
06030217
06030312
07030610
22030408
09030730
09030731
09030633
16031045
08030214
09030115
18032022
08030122
01030615
07030927
02030628
13030215
21030109
15030219
18031310
09030411
20030109
21030508
10030415
08030314
21030611
09030534
09030533
09030114
05030912
08030517
09030831
01030309
18031108
18030910
18030111
23030112
18032313
16030825
06030218
22030110
18031112
01030618
06030220
18030613
18030308
22030409
21030314
16030826
20030510
18032210
18031012
06030516
08030313
10030110
06030407
07030608
06030518
03030112
04030105
09030732
06030619
12030727
08030121
14030206
16030925
21030720
21030509
22030210
20030209
15030128
22030607
09030635
03030113
18031214
11030208
06030313
21031016
13030316
02030517
20030409
08030124
02030115
05030408
23030216
09030638
07030212
03030312
21030612
16031024
20030512
10030209
01030408
06030517
20030509
02030114
09030412
08030123
01030308
07030709
14030812
12030409
22030109
05030308
06030820
18031916
18032211
23030113
07030820
18032314
01030111
05030913
16030729
18032414
18031111
09030636
18032119
18030809
12030211
10030527
21030409
12030510
11030113
09030537
06030408
06030116
02030211
14030411
10030418
02030112
12030608
09030901
22030508
09030535
10030416
18031109
08030413
09030637
22030310
01030307
18032209
11030310
12030607
16030518
20030408
21031040
08030312
05030506
05030407
15030528
18031918
02030313
16031032
14030109
18031917
18031311
08030414
20030108
14030704
20030711
10030210
18032511
10030111
08030213
12030107
18031814
07030213
15030127
14030410
20030713
23030215
16030923
05030710
05030711
12030818
12030108
07030508
14031122
08030211
18032212
18031522
18030310
02030210
12030509
15030319
12030109
09030833
08030311
22030606
07030109
13030114
01030616
01030706
01030707
13030411
15030411
18031110
22030732
13030112
06030819
05030914
14030614
08030527
21030818
16031116
16030519
12030817
18030112
16031027
21030312
13030113
09030729
17030114
04030218
18031313
16031003
14031013
01030617
12030212
06030219
21030110
18030612
15030529
20030513
09030211
18032213
05030507
10030112
05030712
18030212
01030510
03030331
18031914
06030115
20030210
18030514
20030626
18032315
18031312
08030212
07030110
07030908
21031045
06030519
09030536
21030313
16031029
07030412
07030211
18030912
18030211
15030410
16030314
06030221
10030419
01030410
05030105
18032512
12030511
03030313
12030210
20030514
17030214
21030927
09030639
10030417
07030509
07030609
07030227
05030926
21030834
07030321
12030719
07030431
16030431
13030331
07030829
13030420
01030415
18032330
18031228
09030863
18031325
01030223
09030670
13030330
20030221
01030522
15030535
16030118
03030423
07030728
05030425
12030726
12030625
21030535
09030873
16030544
18030933
05030727
13030343
21030637
16031001
20030702
23030228
20030650
16030337
18032343
16030403
02030103
16031044
18031808
18031608
07030134
21030330
09030595
06030427
18030727
16030841
15030432
14031138
06030643
07030236
18030230
16030541
21030127
12030620
09030429
22030527
21030228
11030218
05030123
02030530
08030530
23030137
20030644
06030337
16030939
18031832
23030136
16030231
08030175
14030127
21031023
10030134
18032437
20030643
18030231
15030433
16030232
18030129
07030427
18030432
22030622
12030721
09030869
09030868
16030123
13030134
18031935
18030528
16031101
16030833
14030923
18030825
09030585
01030526
02030141
16030834
09030226
10030436
07030930
11030134
20030719
07030830
06030332
18031035
18030325
01030227
18031129
09030681
06030834
22030521
11030215
13030338
01030638
09030225
18032333
07030529
18032529
16030330
06030140
08030540
18031128
07030232
18030529
05030821
18031428
10030230
15030247
08030425
06030422
02030142
18031542
13030337
21030835
13030235
09030764
21031032
21030936
05030519
14030217
10030131
18030630
18031327
18031645
20030640
08030166
16031103
07030129
16031107
15030429
15030626
05030219
17030232
15030157
17030150
18030730
16030744
22030427
12030321
18031654
21030739
09030603
11030202
18031603
06030501
08030103
03030302
17030101
12030901
22030601
20030401
11030103
18031505
07030702
01030701
21030801
10030402
18030102
01030601
18032301
09030301
16030301
16031142
22030401
12030202
22030402
05030703
05030601
12030501
08030518
09030703
21030201
15030202
18030802
08030104
09030202
03030303
09030803
14030701
15030629
21030202
15030615
18032228
21030902
20030332
18032137
10030434
09030325
01030520
18032329
10030227
18031828
12030415
20030722
11030129
07030832
16030836
02030526
21030420
09030141
05030117
20030641
01030130
09030668
08030232
15030642
09030667
15030536
12030924
10030315
02030323
08030233
21030631
18031029
18032328
20030333
07030430
13030129
14030718
02030527
16031042
12030718
21030904
18032232
18032136
15030340
09030669
05030320
09030326
07030226
18030628
21030736
23030129
13030130
05030718
07030831
16030620
18030928
01030521
18030323
11030130
05030616
11030131
09030578
07030124
08030501
22030618
07030721
06030238
12030832
16030835
18031324
18032524
18032037
12030416
07030525
09030219
05030729
06030647
12030222
08030177
13030426
05030625
06030646
16030940
18032248
10030328
12030322
02030155
01030422
10030442
12030930
21030940
18030831
08030503
12030221
22030750
18032148
11030139
16030746
12030626
01030234
08030502
07030135
07030329
22030627
21030229
06030644
16030743
17030235
14031139
13030238
20030224
20030735
16030631
16031034
21031014
10030323
22030322
21030528
13030339
01030527
11030319
16030331
16030538
22030743
10030322
09030870
21030925
16031128
02030331
16030225
07030130
06030333
17030141
01030817
02030237
12030722
14031031
20030138
18031646
06030836
18032435
13030424
18030530
09030682
02030143
15030153
22030229
16030741
20030533
09030765
18030445
23030224
10030443
05030322
09030586
06030837
14030218
15030631
02030232
20030420
02030604
01030528
10030437
20030137
14030635
06030423
12030319
05030119
18031031
06030334
16030125
11030135
14030321
14030426
06030424
05030723
02030144
05030220
11030216
21030635
15030344
13030135
16030124
18030826
06030544
05030221
12030833
22030228
17030142
18030931
03030427
14030721
08030330
16030126
15030430
01030529
10030324
03030426
09030587
12030417
01030530
17030143
08030331
22030628
07030139
12030408
01030613
22030309
21030604
16030128
22030625
14030636
01030641
16030332
14030637
07030626
05030726
01030228
16030228
12030725