40020409L
40020422L
S10255017
S10255014
S10255012
S10232024
18021219
12020801
18020901
13020101
16020501
06020301
14020901
09020401
17020201
21020401
18021301
15020102
18021550
17020101
15020401
18020101
22020501
10020501
20020101
03020401
14020301
15020201
07020401
02020101
21020601
16020706
17020102
15020501
07020101
18022101
09020201
23020101
15020602
06020501
18020102
17020301
01020401
06020601
05020301
03020301
10020502
12020802
16020826
08020201
05020801
14020801
16020601
01020801
04020201
01020201
15020601
01020601
11020101
18021401
22020201
10020301
18021901
06020701
13020201
10020101
21020602
13020401
06020901
03020303
18021149
12020301
12020102
18021202
20020501
18020401
16020502
18020107
12020602
14020605
17020111
12020308
05020712
18021216
16020111
06020612
18020808
18021614
14020715
18022009
21020211
10020516
07020610
15020218
04020310
08020226
18021613
10020314
08020118
02020118
10020302
20020102
07020409
10020406
01020204
20020208
22020512
20020502
18021408
11020206
18021601
21020301
18021201
18020601
05020701
21020603
03020302
16020101
06020602
21020604
02020302
08020202
04020202
17020202
16020602
12020101
18021501
21020501
06020604
07020302
13020102
07020102
14020302
14020601
21020104
08020106
03020105
22020509
17020110
11020107
16020512
20020110
21020209
17020311
05020707
08020223
01020108
06020210
18020905
03020210
14020908
12020604
18021610
16020716
20020111
13020114
18021111
13020113
15020213
07020210
06020211
17020117
07020209
16020229
09020307
16020614
06020413
07020414
18021410
18020508
01020109
01020609
13020214
13020213
10020316
18020306
20020113
14020910
18021706
07020211
16020804
18020909
01020503
18021413
18020307
01020211
04020109
06020613
18021312
21020312
15020219
18020810
12020607
18022010
01020210
18020414
04020110
22020614
09020417
18021114
20020411
16020307
06020510
10020518
10020517
10020315
07020419
12020510
18020336
09020105
20020309
14020807
21020412
18020308
18021707
11020114
15020113
20020321
16020634
21020327
17020234
06020933
15020536
01020126
10020531
20020224
01020222
20020122
01020223
15020239
20020322
07020126
18021327
14020320
17020339
20020417
14020318
04020320
15020628
14020319
02020138
18020432
04020124
10020221
14020421
13020433
01020719
05020725
09020227
09020314
16020823
05020817
21020125
07020233
07020329
18020519
01020423
05020816
16020640
20020230
15020141
17020341
14020819
14020423
06020231
23020123
15020142
03020227
16020822
06020451
21020232
16020511
14020632
09020323
10020537
21020233
20020130
14020749
01020817
13020232
21020105
09020406
16020206
07020129
03020333
01020501
16020404
08020212
22020606
07020504
16020917
04020103
22020510
11020203
16020926
01020105
06020911
20020237
16020405
13020406
18020206
04020207
05020504
10020206
14020503
17020308
14020804
04020206
18021605
09020407
18021606
20020510
10020224
08020269
18020441
06020729
17020342
12020418
18020714
18020134
16020503
02020212
02020213
15020513
06020309
06020209
03020406
12020210
15020310
22020514
14020712
07020206
22020407
07020506
20020109
16020409
12020506
20020209
13020308
05020605
03020107
11020207
18020703
02020308
15020410
21020204
06020113
18022005
06020610
17020115
06020809
15020514
16020921
06020708
13020208
14020305
07020310
03020407
10020413
13020110
21020504
18021308
18021609
14020608
11020306
06020115
06020118
06020117
14020907
07020505
18020407
13020410
21020408
21020505
18021307
16020809
06020707
09020409
15020604
21020206
22020607
06020915
06020116
07020309
20020407
18021108
20020503
21020612
06020913
15020411
18020806
06020914
08020113
01020806
18020904
06020412
17020116
22020307
13020111
01020146
16020515
07020106
21020205
02020309
02020112
14020505
02020310
07020507
09020103
18020112
15020110
05020307
15020211
18021212
06020310
12020905
13020112
18020113
16020836
18021110
08020309
21020208
09020212
15020212
01020607
22020308
15020605
05020506
15020606
11020111
18021910
07020508
22020513
07020413
20020308
11020305
08020110
03020312
12020507
18021109
18022006
20020504
02020113
16020613
08020112
22020608
18021804
16020410
06020916
10020208
10020412
05020806
12020508
16020107
18020111
04020106
07020208
09020411
13020309
09020410
07020412
22020209
13020411
03020108
12020806
02020311
08020111
13020209
03020208
08020109
05020507
12020209
13020210
21020207
18020507
14020107
02020114
01020406
03020106
12020211
22020111
01020208
05020807
11020308
07020207
21020310
21020506
08020222
07020107
09020213
10020310
11020307
01020407
18021512
10020309
09020211
05020308
12020509
04020107
15020515
17020312
18020805
21020107
22020208
13020307
02020116
11020113
21020406
16020607
16020204
10020411
08020221
05020505
18021704
05020706
21020106
15020512
02020307
14020406
23020108
16020720
16020803
18020506
21020503
03020207
10020308
14020923
06020322
17020231
11020123
06020323
18020923
14020513
16020913
18021001
03020201
15020301
07020403
14020202
03020306
07020601
16020505
07020404
18021101
16020606
15020207
17020206
08020210
14020706
08020211
18021407
13020108
16020203
22020204
16020504
18020602
10020407
10020105
13020407
16020406
05020103
18021325
20020305
15020508
18020303
06020505
16020509
06020609
18021509
06020506
01020403
05020703
22020303
09020210
21020306
18020503
01020138
16020510
06020507
11020108
18021510
03020404
08020107
18021209
12020505
10020106
08020213
17020309
18020504
12020603
01020306
08020307
23020204
18020804
08020214
16020304
06020205
21020613
16020412
09020413
01020709
22020609
17020313
18020226
06020810
20020136
20020135
14020409
07020416
18020408
16020413
15020517
15020412
05020309
20020507
12020704
06020811
08020311
18021014
18021118
06020716
22020615
03020112
14020112
06020124
21020616
22020317
18021416
15020611
20020215
07020613
06020515
18020813
15020122
20020214
18022012
16020209
22020523
02020410
22020118
01020507
15020121
07020513
06020514
18020815
13020219
11020116
08020130
21020214
16020210
07020423
12020405
22020616
18021120
16020718
15020120
16020310
18021117
14020412
07020113
08020237
07020316
09020430
14020613
22020316
06020918
06020815
08020238
09020217
09020111
09020431
02020218
01020113
05020410
17020318
01020713
18021519
21020617
02020318
04020314
16020211
18020613
01020508
22020215
05020611
01020610
16020419
21020315
02020126
16020623
21020414
09020310
10020521
01020311
18021712
08020317
12020406
18021220
13020220
09020429
18021315
17020319
18021711
07020512
17020217
08020129
10020418
01020213
20020413
13020419
06020243
10020520
01020114
15020612
06020419
12020911
09020112
15020315
15020226
02020219
15020610
23020208
16020115
16020624
14020508
10020320
06020513
13020418
18021119
01020616
18021026
18021025
04020221
17020229
07020437
03020329
16020815
07020435
18021130
14020222
22020126
07020224
09020123
18021818
14020733
21020522
07020225
13020122
13020123
06020635
22020416
18021421
14020732
07020226
13020124
13020320
06020724
18022118
18020516
09020445
22020125
08020258
15020324
18021129
18021323
16020317
05020617
01020813
01020221
02020133
11020122
20020523
07020520
01020124
21020217
18021422
14020223
01020220
05020724
16020814
15020624
16020426
06020129
09020444
02020132
17020230
15020130
18020128
16020218
21020121
18021229
07020436
07020124
18020318
17020228
07020522
21020626
23020120
07020521
20020221
02020227
06020637
09020124
14020621
11020312
06020825
18021623
08020148
18021531
04020121
22020626
23020119
01020125
15020325
16020633
21020120
15020425
22020625
18021819
02020228
06020434
18021324
08020147
20020320
06020636
23020217
01020316
05020519
22020127
18021717
13020428
12020107
05020518
22020529
05020318
07020227
16020810
15020234
03020421
08020324
15020131
22020221
10020118
20020524
07020519
04020120
09020224
09020446
01020418
02020134
16020831
10020117
06020824
04020318
14020221
10020424
17020147
18021236
10020335
22020629
02020416
08020272
14020118
18021136
15020247
18020827
21020631
08020271
16020122
05020217
03020426
08020332
15020543
05020120
16020642
05020320
18020520
01020425
15020433
08020162
18021426
22020628
02020341
17020139
10020336
16020321
15020144
14020227
22020129
14020741
11020214
10020428
18022023
14020424
05020218
04020127
02020147
11020128
09020133
22020429
14020630
18021143
14020626
08020166
10020339
07020440
21020532
18020526
02020235
18021824
18021140
15020633
22020423
16020232
07020333
05020819
18020442
07020236
05020419
16020123
16020535
17020238
10020430
06020334
05020525
07020533
05020729
15020251
06020647
20020232
06020138
04020332
05020420
18020930
08020167
18021141
22020326
06020836
15020153
18021628
21020127
17020340
01020720
13020226
14020515
21020528
20020324
15020539
22020223
05020620
06020934
18020823
18020617
05020619
09020454
07020629
15020241
02020139
05020117
23020121
18021627
16020717
18021533
18021031
18020456
20020529
21020627
21020221
12020618
06020829
18021626
06020227
05020813
20020227
14020322
16020830
15020138
20020530
18021722
22020627
05020814
06020328
07020128
18021918
10020223
18020133
07020127
15020629
21020222
02020333
06020228
03020422
06020641
06020302
18022002
02020103
14020101
15020504
15020303
18021902
18021801
06020102
07020201
06020603
21020606
15020202
04020203
06020802
16020727
02020104
13020301
18021009
12020808
10020209
09020309
12020809
14020108
07020418
05020710
18021113
15020312
06020508
06020812
15020608
18022107
18021412
07020509
22020113
14020410
17020210
17020211
15020607
22020410
22020519
13020116
03020313
12020404
04020211
16020518
22020409
06020311
18021310
21020108
16020805
06020509
18020908
16020821
14020714
06020711
22020114
10020312
03020411
10020210
18021912
05020407
18020114
04020309
18020115
18020207
18020706
23020205
06020712
12020908
18021705
10020107
09020415
13020115
15020112
10020108
21020311
06020813
18020412
08020224
15020217
05020311
18020410
05020510
01020807
06020713
04020308
22020311
05020711
08020312
01020209
06020312
21020411
14020506
09020308
07020109
10020515
16020519
18020907
16020110
08020225
16020935
16020306
18020705
02020215
18021112
18021514
18021311
18021806
16020817
18020411
01020618
16020907
11020314
21020525
16020637
06020132
18020431
13020225
16020801
18020130
11020124
22020417
14020817
18021028
14020317
18021029
15020327
07020325
05020116
17020233
04020319
18020131
21020526
08020327
12020716
06020225
18021131
06020226
16020638
09020452
06020242
14020420
18020132
15020328
18021424
16020427
03020127
07020627
08020328
21020326
18020455
13020212
15020216
18021319
08020319
07020516
20020314
12020407
17020222
13020118
14020113
01020412
23020115
03020216
05020613
18021122
14020722
20020217
17020320
03020114
04020111
18021016
05020809
07020424
06020620
16020528
18020816
20020315
06020919
03020115
12020813
12020519
20020526
18020925
18021721
07020628
14020734
16020326
08020183
20020418
06020828
20020225
18021326
18021625
16020506
03020308
14020201
03020305
16020402
20020103
23020102
14020401
18020801
10020303
03020101
22020601
12020214
15020133
06020827
06020726
18020320
06020326
20020527
18021230
15020237
15020333
05020223
07020216
05020115
15020236
01020718
16020635
23020219
13020430
13020436
01020132
02020349
08020277
11020217
09020465
14020426
06020734
10020128
03020226
06020449
07020138
16020704
08020172
17020242
06020649
08020285
18021243
21020135
18020329
08020278
07020605
18020701
21020203
16020407
18021607
01020106
12020701
12020306
13020205
22020424
20020327
18021549
16020723
06020139
08020273
12020720
16020126
16020434
01020323
07020640
07020536
02020348
01020324
18021508
10020405
16020108
04020210
14020210
07020311
06020710
05020509
04020108
22020210
20020508
12020606
15020518
23020109
07020608
15020413
20020509
05020406
07020609
18022013
09020218
02020229
02020332
01020628
21020335
04020336
08020180
17020145
17020349
16020547
12020622
01020523
09020471
18020201
02020223
01020413
18021017
01020614
01020612
10020215
01020116
01020414
18021713
06020516
05020211
20020517
02020321
01020312
20020316
08020137
14020724
01020117
18020615
15020125
18020817
10020112
14020723
05020316
13020119
16020529
10020523
14020311
06020318
16020312
06020422
01020215
15020229
20020218
06020622
10020324
18021521
18021123
02020411
16020923
05020515
07020116
18021522
14020725
09020117
02020323
16020116
21020518
21020114
06020818
13020317
18021127
21020317
18021417
06020220
06020317
06020621
05020615
06020920
14020918
12020312
23020209
05020314
14020614
01020613
21020513
05020514
08020242
01020714
22020524
16020531
16020729
18021526
06020517
07020318
06020221
12020708
06020127
06020922
09020434
15020317
13020316
18020710
18022111
11020118
18022110
16020421
14020216
09020220
16020933
16020233
18020211
18020818
18020423
10020113
01020509
22020525
20020518
17020123
15020124
08020136
04020315
02020128
21020516
07020614
23020116
18020614
18020422
06020219
09020116
02020412
09020440
12020408
18020420
18020419
09020437
11020119
09020312
06020316
21020112
09020115
18020312
11020117
06020426
14020726
15020126
07020117
07020428
14020217
02020324
06020623
08020243
14020510
05020810
14020919
17020224
08020248
06020223
12020810
16020630
13020318
12020707
12020515
06020126
21020113
07020220
21020418
16020313
06020319
18021812
14020813
12020913
12020311
15020525
08020240
03020117
12020914
16020914
21020618
21020515
05020716
21020316
07020616
14020416
08020245
12020611
01020118
16020719
12020709
02020224
21020318
09020441
20020415
16020213
03020417
20020519
06020718
05020212
06020222
08020247
04020215
06020719
10020216
23020210
22020617
01020809
14020914
21020517
16020812
06020423
22020526
15020420
18021523
16020932
08020241
09020436
01020611
17020125
07020115
21020514
06020624
02020322
09020439
05020717
06020424
18021019
15020528
04020112
13020420
14020312
18021124
18021525
23020117
05020513
18020311
05020315
13020319
17020323
18020919
17020321
01020313
20020516
14020215
01020715
15020318
11020211
21020619
15020526
07020427
08020138
04020113
12020710
16020628
14020916
17020223
14020617
03020325
18020314
14020915
15020319
02020226
08020140
12020811
10020419
04020114
21020115
15020230
14020616
18021020
01020214
07020615
12020915
17020124
09020118
07020425
16020212
08020239
18021813
18021126
18021714
12020409
02020225
18021222
06020627
14020615
06020626
05020614
09020435
08020244
10020214
06020717
07020317
17020322
16020420
07020426
05020112
12020516
16020530
17020324
05020113
14020313
03020217
03020323
18020210
03020116
10020525
03020324
10020526
18020512
16020234
15020231
09020119
05020516
07020618
14020917
22020618
18021524
18021125
18020918
10020524
06020817
06020625
14020511
15020232
06020819
13020120
06020921
05020718
06020923
06020427
21020419
02020221
21020417
04020214
18021223
06020425
08020139
15020613
13020421
07020219
02020325
16020629
16020422
07020617
08020246
18020421
15020527
14020512
17020126
18020424
18021814
18020313
09020438
06020125
16020225
01020631
18021038
08020340
14020333
14020232
12020724
22020133
20020333
18021632
06020337
21020134
18021546
02020156
12020825
15020550
09020234
14020634
22020633
09020136
16020437
08020326
18021725
12020818
02020234
01020227
20020326
18021148
12020523
12020718
16020221
12020318
21020128
21020530
15020248
18021137
17020343
04020224
04020331
10020429
18020326
15020146
18021724
04020329
20020231
18021237
20020425
15020145
18021138
20020423
12020921
13020325
11020215
06020731
18020327
15020332
18021726
01020520
16020643
04020225
18020138
18021629
18020521
01020625
05020321
22020422
16020322
01020141
16020323
22020325
06020732
03020135
15020249
12020719
18020619
18020524
01020320
16020132
06020233
14020323
12020922
08020333
18020837
18020525
21020531
18021139
12020319
01020145
05020623
11020315
07020133
15020544
02020342
08020165
18022024
06020137
07020332
14020743
09020317
06020232
07020532
04020330
15020634
12020524
05020622
09020319
16020324
23020223
05020220
01020725
18020828
20020534
05020219
10020338
16020807
02020417
03020134
14020324
07020439
16020644
12020819
06020938
18020523
12020218
05020221
18020715
08020163
06020234
06020443
07020235
16020325
06020333
16020131
06020937
09020318
16020824
01020519
10020337
08020164
16020929
06020332
06020145
15020250
05020728
10020123
02020343
10020124
14020742
20020424
14020927
12020419
16020829
05020524
18020137
21020435
03020427
06020837
01020228
05020418
21020332
07020134
08020334
16020832
07020331
18020522
10020330
15020101
08020178
16020202
18020502
05020107
18020305
18021612
18020707
10020313
21020614
01020409
16020415
02020334
18021431
20020330
12020722
03020138
16020227
02020159
02020421
12020624
06020456
16020903
08020290
05020630
18021634
07020443
17020247
09020139
10020443
06020739
06020241
03020430
15020639
06020240
15020442
09020238
08020342
01020637
21020440
20020539
09020325
18020628
09020474
01020638
16020228
06020840
18021436
13020332
14020635
17020350
07020142
13020431
20020121
05020520
18021532
09020226
12020723
18022103
15020206
05020306
10020404
03020204
03020104
21020202
22020108
14020502
12020103
22020402
01020402
17020109
18020106
21020607
10020205
11020106
18021507
06020306
10020403
01020305
06020504
04020102
07020626
21020431
14020225
18021032
20020420
03020334
01020422
10020535
17020135
06020644
20020532
01020515
04020223
12020521
18020323
18021033
06020331
10020120
15020331
02020336
14020625
16020639
04020125
09020229
22020419
01020622
06020438
17020136
02020141
01020814
06020135
18021234
05020521
01020237
03020223
03020222
18020825
06020230
18021024
01020219
02020330
01020123
10020116
09020126
21020220
03020331
08020330
14020627
16020545
16020905
18021242
21020407
22020131
03020139
12020115
12020924
14020329
05020425
14020120
15020547
14020328
05020730
18021332
18020448
12020422
02020153
18020625
05020124
13020438
10020435
13020230
15020257
22020330
12020822
22020632
06020942
10020542
05020426
21020231
14020427
07020537
01020231
07020139
16020235
10020437
07020442
10020229
06020735
14020518
07020140
04020337
08020279
18021730
10020436
18020938
01020230
06020650
16020435
17020243
18021333
18021035
17020244
05020731
18021145
13020233
07020141
15020340
11020208
01020606
18021007
14020206
22020403
05020602
06020408
15020307
06020409
16020205
14020207
08020217
03020405
18020405
22020305
18021305
14020105
23020105
06020307
07020410
01020707
13020206
06020917
18021106
23020104
15020408
08020308
08020216
06020206
18020304
15020109
12020805
22020610
06020410
05020207
14020208
05020205
22020207
18022003
18022104
08020108
02020407
05020405
07020606
18021703
22020109
21020308
12020208
15020210
18021107
18021803
15020209
18021907
01020207
08020215
09020306
15020407
17020208
07020307
05020206
18021908
10020207
10020307
10020512
22020511
01020139
07020411
15020409
16020408
15020309
06020411
22020406
22020405
13020306
18021909
07020308
01020206
16020610
01020107
05020604
20020307
10020410
23020107
13020207
18022004
22020306
10020409
15020308
06020808
14020709
11020110
09020408
10020408
13020408
01020405
16020106
11020204
05020204
08020219
16020514
17020317
08020220
07020205
05020705
16020611
14020106
04020105
17020314
12020206
17020114
06020207
05020603
22020404
23020106
11020109
12020207
15020510
18021008
17020316
21020240
22020110
21020309
16020906
18020609
14020304
18020109
02020210
07020105
14020504
06020308
17020207
02020111
17020315
18020702
14020707
13020409
08020218
14020708
11020205
20020406
06020112
21020307
06020208
11020304
18020903
03020206
12020703
06020111
01020706
14020922
18021022
14020730
21020321
12020314
16020825
10020327
18020125
05020811
18020819
22020415
11020121
02020414
18021023
18020212
06020518
06020629
01020122
03020121
16020711
02020329
07020221
04020218
18020317
16020231
20020318
15020423
15020531
08020146
20020119
16020119
14020620
13020425
21020425
06020722
06020820
06020520
13020426
18021620
14020921
12020612
01020615
18020123
04020217
10020328
05020723
17020325
01020716
11020120
18021715
21020423
16020424
02020131
01020217
03020420
18021621
17020227
18021816
05020415
15020614
15020532
03020327
06020822
09020223
21020621
16020915
23020118
18021322
05020215
07020324
03020418
09020122
12020613
07020322
18021529
09020222
08020321
03020219
12020105
06020433
07020621
22020220
01020512
16020425
14020816
21020119
07020223
23020216
21020216
12020917
18022015
21020620
18020922
06020821
18020214
10020527
15020321
22020219
03020419
22020121
08020322
07020122
07020121
18021321
22020122
21020322
02020415
18020216
21020622
18020215
08020256
18021227
16020632
18022114
21020424
07020123
07020323
06020924
01020717
06020723
13020121
04020220
05020317
03020328
10020115
12020518
06020926
10020217
18022115
14020417
18020427
14020418
08020145
21020519
17020132
12020713
06020432
14020731
06020823
06020632
18020126
12020918
06020631
15020424
16020533
16020828
04020118
21020323
13020424
07020433
03020122
22020528
18022116
12020106
18021716
10020114
16020217
18020124
10020218
16020713
06020431
08020323
01020315
22020124
01020218
17020326
12020714
20020319
12020812
10020528
15020533
07020321
22020218
18021817
14020419
06020519
06020634
07020434
08020255
15020320
21020521
02020130
01020216
10020423
06020630
07020222
04020219
21020118
01020511
16020133
03020218
06020633
22020123
06020925
18020213
13020427
21020520
20020220
09020443
14020314
04020316
12020919
07020518
07020432
06020321
17020327
21020426
18020217
18021128
18021622
16020216
07020622
17020131
20020522
23020211
07020319
02020413
09020221
20020520
15020529
18022112
14020920
04020216
09020442
08020141
18022014
15020615
14020218
02020326
15020233
16020117
18021320
05020517
10020420
17020225
05020213
05020414
17020127
10020421
05020325
01020415
18021021
01020120
14020728
05020719
06020428
16020631
17020328
20020521
16020314
16020910
18021418
07020619
20020117
18021915
08020250
08020143
08020251
03020326
22020527
07020620
05020616
10020326
05020721
17020128
04020115
02020327
15020128
12020313
21020117
20020317
03020120
22020414
08020142
18021225
17020330
09020121
16020215
12020711
08020249
16020423
06020721
18021224
12020410
05020720
18021527
12020517
23020213
01020121
07020118
16020708
23020214
06020430
22020319
07020517
16020902
01020119
17020329
08020254
18021619
11020311
01020416
07020120
21020319
15020530
15020616
20020416
13020422
06020429
07020430
22020320
01020417
14020815
15020129
14020618
16020934
05020722
14020114
14020619
08020252
06020128
08020253
15020422
05020214
01020314
21020421
14020727
06020224
18020514
16020118
03020118
18020515
21020422
09020120
02020328
12020712
04020117
14020219
23020212
04020116
02020129
14020729
16020725
21020623
03020119
14020814
17020129
10020422
20020118
23020215
22020120
17020130
06020320
16020532
07020119
08020144
17020226
07020320
18021419
07020431
21020116
16020214
14020220
18020121
18020122
13020423
11020310
21020320
15020421
01020811
18021226
22020322
08020151
11020125
18021718
03020126
20020222
06020931
08020260
09020450
15020625
02020230
01020619
22020222
09020451
12020215
17020134
15020134
15020135
20020223
18021231
15020429
15020139
12020814
03020424
08020329
09020455
14020116
08020263
18020927
07020230
06020329
12020316
22020128
10020532
09020320
21020228
15020545
03020225
08020335
06020943
10020228
23020226
18020623
01020325
20020427
15020150
21020336
13020437
06020141
12020721
14020517
16020330
02020152
18020447
07020340
18021633
22020538
01020524
22020638
10020539
06020532
07020243
11020132
05020528
02020240
21020339
17020146
18020530
15020136
18021027
12020520
02020231
08020152
01020224
15020541
22020224
16020827
18021541
21020129
16020645
06020235
14020325
09020129
12020219
05020820
18020620
05020624
18020334
18020406
04020306
16020612
02020211
15020306
09020304
18021506
21020405
08020306
22020107
22020602
18022008
21020507
18022007
02020117
12020307
18020838
16020305
21020410
13020211
17020209
15020519
07020108
03020409
16020414
12020907
05020310
22020310
15020520
10020311
12020807
15020609
03020110
09020414
08020117
18021411
03020410
15020311
18020409
18021215
07020417
05020607
22020611
22020619
12020610
17020331
20020513
20020514
09020432
09020219
22020119
18021316
03020113
09020433
17020218
01020137
06020420
09020311
18021015
07020218
18021318
02020319
04020213
08020132
18021221
20020216
01020411
23020114
01020143
17020219
15020617
18021520
14020509
18020917
16020626
08020134
18020418
08020131
09020113
10020322
05020411
03020416
22020318
15020419
05020210
17020221
22020620
14020310
14020414
16020527
18020142
18021121
06020421
10020323
14020214
15020618
16020627
02020127
08020318
20020414
21020512
01020115
08020133
17020220
18022109
05020413
07020515
05020412
06020218
02020320
07020514
14020415
22020413
15020228
16020808
02020220
07020114
20020515
10020522
06020816
20020116
05020612
09020114
16020311
08020135
18020709
22020621
14020413
15020227
21020416
06020619
12020912
15020316
18021317
16020924
14020213
10020321
15020630
20020226
20020419
06020327
18020822
18022017
21020527
12020617
08020262
18020821
07020526
07020525
07020326
10020222
06020640
01020327
09020137
18020529
09020237
07020244
22020134
10020131
09020236
21020639
10020442
02020420
08020289
07020542
01020235
14020826
09020472
20020336
18021244
21020640
18021435
22020234
14020755
16020652
01020633
22020333
11020318
22020233
14020334
10020540
12020829
18020331
15020441
03020140
18021339
06020655
17020246
18022032
18020836
18021434
11020319
12020928
07020343
18021039
16020728
18020450
22020332
11020131
11020220
20020334
05020427
08020341
18020451
15020265
12020403
22020203
16020526
20020108
02020203
18021003
01020301
12020803
01020101
12020903
05020302
15020204
18020203
12020901
10020505
05020803
22020603
04020303
18021404
01020802
01020202
18022102
16020710
13020404
04020204
01020803
06020403
17020303
03020203
20020404
02020303
10020103
07020202
23020201
17020203
10020504
02020403
13020303
20020304
15020203
14020102
08020105
20020403
18021502
06020304
14020404
15020106
13020405
01020302
05020401
15020205
18021203
03020309
20020204
14020906
05020702
18020802
01020102
12020204
08020303
22020604
07020304
15020403
18021603
16020129
12020402
06020146
15020603
09020303
13020105
22020605
17020104
13020103
02020404
01020804
18021205
09020203
22020202
07020407
03020403
14020403
22020106
18020605
14020703
18021702
03020311
20020201
13020302
09020302
21020403
16020105
04020304
22020302
07020303
10020102
07020104
18021206
20020202
06020502
15020104
07020305
16020103
16020507
12020122
17020304
09020208
06020503
03020102
11020104
01020603
06020406
06020204
05020402
18021504
17020204
02020105
08020204
21020102
16020730
06020905
13020304
01020203
06020303
18021104
06020703
09020101
12020902
22020104
06020702
13020403
02020106
14020501
14020203
20020104
10020503
06020909
21020305
18021006
18020403
12020804
15020105
22020301
16020918
22020503
18020202
17020107
18021505
06020104
18020902
12020502
13020107
22020506
02020108
07020306
22020105
12020601
12020203
21020201
20020402
14020701
07020406
16020230
06020103
05020102
15020107
09020202
07020203
01020705
07020103
18020302
14020103
20020303
16020201
15020505
06020404
13020106
12020303
18021208
09020403
16020813
02020205
09020404
01020704
10020507
21020304
22020507
01020602
18020404
08020206
09020209
18020204
10020104
06020105
02020405
15020404
06020804
17020106
06020807
12020305
11020201
01020104
16020714
05020502
01020702
01020703
22020505
15020405
09020405
21020404
17020305
07020502
18021103
11020105
06020605
18020606
18021903
12020201
16020403
18021701
10020304
06020606
17020105
09020205
11020302
14020903
07020602
07020603
06020806
06020203
05020304
07020503
16020916
14020702
02020107
12020304
14020405
10020305
02020208
16020901
06020405
15020406
02020109
18021204
02020202
14020905
05020601
08020208
08020305
16020302
10020203
06020805
22020504
02020204
14020205
06020907
18020105
05020501
04020302
06020107
21020609
18020227
12020302
05020503
18021302
06020106
16020919
01020303
04020305
18021904
14020904
08020207
17020306
02020304
16020605
06020607
14020705
15020506
01020304
18020402
14020204
09020301
18020607
11020102
23020203
10020204
18021403
06020705
06020803
18021503
04020205
09020204
16020604
06020202
18020104
23020103
07020204
06020908
10020202
13020104
10020401
18021207
18021004
03020310
09020206
16020104
05020101
09020207
09020102
11020103
16020508
02020206
06020305
23020202
07020604
14020603
14020604
06020109
20020302
16020603
14020902
12020401
12020503
20020105
06020910
06020704
14020704
18021604
22020401
05020804
14020402
08020304
10020402
16020303
18021105
14020803
13020305
21020608
14020303
05020805
07020405
06020108
20020106
10020506
16020927
17020205
18020803
17020108
01020103
11020202
02020406
18021005
05020303
13020202
06020906
06020407
12020202
01020805
08020205
12020504
14020602
18021102
06020402
05020203
21020101
15020507
06020706
05020202
18021905
20020107
22020502
21020303
21020103
16020130
20020207
10020508
18021406
02020209
12020904
17020113
14020806
05020704
15020108
05020404
18021608
10020510
14020607
15020208
06020912
06020110
14020104
13020203
06020608
18020205
15020509
18020108
01020205
22020206
01020420
01020620
02020110
01020605
18021037
03020339
21020634
13020328
21020533
08020339
08020280
09020467
14020520
09020466
16020712
14020330
12020109
10020346
15020640
21020611
02020305
16020608
13020204
02020306
18021511
01020604
09020305
22020205
16020513
21020502
17020310
11020303
18021210
01020404
18021211
14020805
13020109
10020509
18021513
05020606
18021805
18021309
01020225
16020319
05020522
16020222
15020434
18020328
08020169
06020648
16020537
02020148
17020344
18020931
14020228
06020446
22020327
18021330
18021034
05020322
15020147
02020239
01020818
05020126
07020642
13020330
09020469
06020338
16020134
06020839
06020531
21020137
09020138
06020239
22020331
18021040
07020539
21020136
08020286
06020738
11020130
22020236
06020142
02020158
12020118
10020439
01020726
08020281
06020450
23020227
18020831
16020127
18020223
13020329
01020727
09020232
05020224
06020530
20020335
18022127
20020133
22020431
05020128
09020324
20020429
07020342
20020537
05020226
15020244
22020313
13020311
22020612
15020521
06020414
16020616
20020134
20020112
16020615
18021423
06020932
16020715
10020329
15020344
14020754
15020440
16020651
14020126
16020819
18020723
05020127
12020828
12020108
15020326
02020137
05020618
06020131
02020331
15020534
09020225
16020636
12020412
16020534
17020133
06020638
07020625
06020130
13020125
03020125
21020109
13020413
22020115
10020529
18021729
18020932
06020527
15020148
03020428
05020422
01020234
05020629
22020635
06020144
16020439
12020424
18020835
18021142
01020130
08020336
15020253
15020252
04020333
09020230
18022123
22020532
12020113
18022026
23020225
18020443
13020221
07020429
18020425
15020127
18020120
21020420
16020705
01020510
06020628
18020315
06020720
10020331
18021132
18021534
21020223
14020736
05020726
21020329
21020628
01020721
06020642
01020421
15020631
18022021
18020436
15020330
06020830
06020229
03020343
10020534
08020153
18022120
03020130
06020643
18020437
16020802
08020154
07020631
06020437
18022020
07020327
18021133
18020322
07020630
20020229
01020621
06020134
16020732
16020220
16020429
07020328
18022019
10020533
15020540
02020232
14020422
21020224
18021233
15020263
12020927
04020338
22020636
15020151
12020320
04020104
09020428
15020225
17020122
01020310
20020412
07020112
16020811
14020721
17020332
22020315
15020119
06020244
21020511
05020512
06020715
08020128
05020313
09020216
21020213
03020322
18020812
14020812
15020619
09020110
14020115
06020826
05020319
01020617
14020316
13020223
11020313
16020120
21020219
13020224
15020132
11020212
09020449
21020325
14020514
17020337
07020623
18020711
01020317
03020330
07020438
15020426
05020812
07020624
18020319
09020448
12020715
18020129
08020259
20020120
18020430
08020325
18020428
23020218
14020321
18020433
18020136
01020624
11020127
10020434
14020606
16020647
15020258
02020154
17020143
06020652
18020626
16020128
16020436
06020651
07020538
16020806
18020720
21020535
11020218
10020230
16020541
14020825
14020633
18021241
06020452
16020542
23020228
10020129
22020537
12020823
18020528
16020331
18021827
17020245
22020228
14020750
16020543
22020634
01020232
13020439
22020229
01020427
14020231
01020134
16020908
18021732
18021733
05020323
06020653
21020636
14020331
08020283
23020229
06020147
22020428
10020538
11020129
18020449
02020155
18020140
10020440
18021925
01020135
12020824
18021335
05020125
18022030
04020227
18020832
16020648
01020630
12020120
01020326
15020549
14020751
14020332
01020233
20020428
18022126
21020235
16020731
10020342
15020548
09020135
09020233
18021433
04020228
06020336
14020752
07020641
05020732
21020438
15020259
12020621
16020332
16020544
09020235
12020826
18021041
10020345
15020343
21020439
21020338
08020288
04020129
16020438
14020124
18020834
12020423
06020654
22020539
03020228
18021735
07020341
22020637
07020540
18021337
15020262
22020232
10020441
14020753
01020522
21020237
01020728
15020261
18020141
05020428
16020333
14020756
01020328
15020264
21020139
18021736
20020538
21020239
13020133
22020235
10020541
01020634
04020229
14020336
14020335
16020904
01020525
03020340
10020231
05020227
18021147
12020321
01020236
18021548
18020627
12020926
10020344
22020430
12020121
12020830
04020327
18021923
08020181
18020220
05020727
12020717
08020161
15020432
23020125
01020128
04020326
07020234
07020531
05020417
06020646
18020929
07020330
07020634
05020818
01020142
06020730
16020320
22020630
12020217
17020345
09020462
18021235
06020835
04020328
08020287
20020536
20020236
15020341
21020638
15020260
15020342
05020825
09020470
21020236
22020408
21020615
06020611
09020104
13020412
17020118
08020114
02020313
14020209
18022106
02020312
08020115
16020411
03020408
20020409
13020310
01020708
15020516
01020502
20020410
08020116
10020513
01020608
22020515
18021911
11020112
05020508
05020708
05020105
02020214
05020709
04020307
16020516
20020505
22020112
18022105
18020906
20020506
21020210
07020415
14020407
12020212
09020412
22020613
05020104
12020605
18021214
21020409
07020607
06020709
22020516
16020517
10020514
15020214
06020212
18021213
18020704
08020157
23020124
20020126
09020460
08020158
10020426
05020523
14020740
22020420
18021135
08020282
14020121
20020331
08020175
15020439
06020838
21020637
08020173
06020238
21020534
05020824
05020823
14020122
18020527
22020227
06020736
06020737
20020332
21020234
11020316
18021334
14020428
12020221
08020174
22020226
15020636
12020119
22020231
20020132
18020127
21020427
03020103
04020321
18021821
18020824
15020430
06020727
14020818
12020414
02020335
13020127
07020527
20020531
20020228
18020435
12020415
06020330
08020331
18020434
14020735
22020530
18020335
02020236
14020744
18021238
21020229
10020340
06020445
02020418
06020444
16020536
12020820
11020216
01020623
14020737
18020712
21020433
01020723
14020117
02020337
13020128
01020226
18021921
22020323
04020322
06020935
10020332
03020131
15020632
04020126
06020439
21020629
03020335
08020265
02020142
01020516
13020323
09020456
05020118
16020722
15020140
07020232
06020728
16020911
18021328
23020122
07020131
18020454
18021134
07020632
10020121
01020517
12020816
18021823
01020318
10020425
01020518
07020130
02020233
18021537
06020645
12020416
02020143
01020722
21020225
13020322
14020926
20020123
21020630
16020920
05020815
18021536
10020122
12020110
06020136
18021535
20020421
12020216
07020242
06020455
18020936
16020546
15020305
22020321
09020313
05020403
18021304
05020808
18021002
02020402
18021402
18020501
17020307
21020402
16020301
20020301
05020201
12020702
15020103
15020215
22020518
14020306
14020408
04020209
15020111
08020310
05020106
18021611
21020314
13020416
06020123
16020208
09020215
20020313
02020123
18021013
08020126
15020417
05020610
14020811
23020207
14020308
14020307
17020121
13020218
15020118
17020333
16020622
08020127
16020621
18020453
17020216
22020622
02020317
23020113
14020309
22020214
14020111
13020314
16020707
09020427
16020418
21020510
02020217
14020611
18022011
13020417
03020321
02020125
14020612
12020514
02020124
08020236
05020409
12020213
06020618
15020418
15020524
18020118
07020228
13020321
06020435
21020122
21020523
18022016
16020835
21020324
06020521
15020235
08020150
14020224
21020430
10020219
21020429
01020513
13020222
07020125
07020523
03020124
15020626
06020324
02020135
09020125
08020149
18020924
21020524
12020614
20020525
21020218
09020447
06020325
18021624
04020123
12020615
04020122
12020315
21020428
03020220
13020429
05020416
21020123
17020232
20020238
18020518
09020228
16020135
15020427
21020432
03020332
12020413
23020220
15020537
01020424
12020619
21020331
21020434
04020324
17020137
01020319
08020159
21020529
04020325
02020146
16020121
18021539
15020143
12020817
18020324
18022121
18021723
06020834
22020324
17020237
18020325
10020334
07020530
07020132
15020431
18021540
17020138
10020427
20020128
16020721
08020160
18020826
12020111
21020126
18021538
21020227
18021631
13020129
17020338
15020329
10020220
18020616
06020133
10020530
22020418
18021232
15020535
03020128
18021030
13020126
12020616
15020627
20020528
14020925
01020419
09020127
18020926
13020432
18021719
16020219
14020924
15020137
04020222
06020639
18020321
07020524
15020238
08020261
16020428
06020522
22020531
15020242
12020815
18020438
21020330
13020227
15020243
18021920
12020522
07020231
13020228
12020112
08020168
14020425
09020231
16020124
13020435
15020254
16020327
18022025
07020534
10020125
20020233
12020220
17020239
15020546
09020130
22020425
06020525
02020237
18021542
14020745
18020621
05020121
16020328
07020635
05020821
10020536
06020733
23020224
18020829
07020334
15020334
07020636
07020135
10020431
18021825
16020109
02020314
22020309
07020217
15020123
16020625
09020453
15020240
12020906
07020239
01020632
18020225
14020125
12020623
21020238
12020827
14020909
14020713
22020517
18021010
13020117
08020119
06020120
22020520
18021615
08020313
18021808
14020609
12020511
03020211
22020411
03020314
15020414
20020210
16020416
05020608
16020617
21020110
22020211
01020307
06020313
05020511
14020808
18021217
02020316
09020418
01020504
18020309
02020216
05020108
10020211
16020520
07020212
04020312
07020420
09020106
07020611
15020620
15020522
14020109
03020315
21020508
16020308
01020410
09020419
18020811
12020705
11020209
23020110
17020213
18020911
17020212
02020119
15020621
04020311
09020107
05020713
18020116
18020610
13020312
03020412
18021708
18020910
13020215
18021313
03020212
06020927
16020724
09020214
05020109
01020111
18021011
18021012
14020809
16020930
16020619
06020314
18020912
06020416
03020111
15020222
14020912
14020411
01020711
12020309
20020311
20020212
06020614
12020706
06020215
18020708
12020426
16020112
06020714
18021811
20020312
10020415
01020506
15020415
12020608
07020422
09020421
07020315
16020912
08020314
09020423
03020317
14020716
22020213
18021218
06020213
15020221
06020415
06020814
03020316
21020413
09020422
15020116
18020417
08020120
06020315
08020228
18021914
18022108
18020611
16020523
02020120
12020310
16020726
02020121
05020609
18021616
18020208
14020507
20020115
18020612
11020115
14020911
16020618
22020212
20020213
05020110
14020718
18020509
09020420
15020114
08020229
21020624
01020710
01020112
08020230
17020214
18021518
12020104
14020110
22020412
22020623
15020622
22020117
06020417
05020408
18021415
22020314
01020110
18020913
01020309
18021116
06020617
21020625
21020509
18021810
10020213
11020210
08020122
07020213
14020719
07020421
20020211
05020312
16020709
10020317
16020521
08020232
21020111
14020717
01020505
15020314
20020114
18021710
07020215
07020111
16020620
01020212
05020715
10020519
07020612
07020511
17020119
18021517
18020310
04020313
06020418
01020308
05020208
03020319
09020109
05020111
16020820
06020214
15020115
12020909
10020109
06020512
14020610
03020318
03020213
16020524
06020615
07020110
07020312
10020416
03020414
08020123
08020233
13020313
15020523
14020810
18021709
08020125
16020931
06020929
01020808
08020315
18020416
18020914
18020117
16020309
17020120
23020112
18021314
03020415
20020512
20020310
08020235
18020916
18020209
10020212
15020223
05020714
18021809
22020116
13020217
10020318
15020416
16020522
13020216
06020511
03020214
04020212
07020214
18021414
06020216
17020215
14020913
23020206
08020234
10020414
17020334
23020111
18020415
08020121
18021617
09020424
15020117
13020415
22020624
06020930
13020414
02020409
18021516
12020910
12020609
16020113
06020616
03020215
21020313
08020231
02020122
20020511
07020313
01020712
07020510
22020521
15020623
09020426
05020209
17020335
12020513
14020211
06020122
18021618
06020217
18021115
16020207
12020512
01020140
21020212
18020510
16020922
14020720
08020124
18020915
17020336
16020525
15020220
03020413
07020314
06020928
16020816
22020522
09020425
14020212
16020703
09020108
07020529
16020430
20020127
22020421
06020833
18020452
21020226
02020145
12020920
09020316
18021922
06020442
03020133
14020226
17020236
16020641
01020144
06020441
01020815
01020635
13020331
15020345
18021338
18021926
18020833
18021828
01020639
18021437
10020444
07020408
12020205
20020206
02020238
16020649
18020721
18021146
18021734
16020650
05020225
06020453
18021336
08020177
21020337
08020284
18020722
17020144
18020224
08020176
15020637
11020317
20020235
06020454
15020638
18020935
12020925
09020468
18022031
14020123
02020157
20020131
21020536
06020436
15020538
21020328
23020221
01020626
22020328
03020336
05020822
03020337
14020119
15020255
08020274
16020125
17020140
02020149
06020939
18021543
18021630
14020628
02020344
05020627
03020338
18022124
07020535
18020221
01020229
18021728
10020225
21020632
06020335
15020335
18021727
13020130
18021239
18020444
22020225
14020629
17020141
01020131
22020426
04020334
07020335
06020526
16020538
18020716
02020345
21020130
17020346
23020126
07020336
01020321
05020421
17020240
05020626
20020129
22020533
18021240
14020230
05020625
03020136
05020122
18021544
07020444
08020337
08020275
08020170
05020526
03020137
12020420
14020229
14020326
09020131
07020637
12020114
01020729
18020531
09020473
14020928
18020937
12020425
20020323
18021720
02020201
08020203
15020502
21020605
01020701
06020401
21020302
06020902
22020101
18020603
16020102
15020503
08020102
16020834
17020103
08020301
09020402
07020402
06020801
07020501
06020903
04020101
16020401
03020304
18020301
08020302
06020904
04020301
02020401
15020402
08020104
14020802
02020102
06020101
06020201
15020302
22020103
03020402
17020302
11020301
05020802
20020401
08020103
13020402
08020101
22020102
07020301
14020624
03020423
15020428
07020229
11020213
06020936
01020127
07020633
05020119
05020621
05020216
09020315
12020317
06020440
08020267
04020323
03020132
20020124
16020909
02020144
11020126
23020222
18021329
15020245
12020417
20020533
18020618
13020324
06020523
06020940
09020128
02020340
09020458
08020268
01020724
16020702
09020457
22020631
20020125
18020439
18022022
17020347
20020422
10020333
02020338
13020434
21020633
06020941
06020524
09020459
06020831
20020325
02020339
16020833
14020820
15020542
15020246
06020832
08020266
18020440
08020156
14020739
20020337
01020136
22020135
18020724
02020351
14020827
21020641
06020740
21020537
14020233
22020432
21020340
06020143
01020819
03020342
10020343
06020339
22020230
10020130
11020219
01020521
05020324
08020179
02020350
02020419
18021144
13020231
18020330
20020535
03020123
22020536
08020182
01020627
13020131
21020131
18022125
07020441
07020237
15020635
05020222
18021924
07020638
09020321
22020130
02020150
09020463
10020432
07020137
05020423
22020329
06020140
09020322
15020437
18021331
21020436
01020816
18020933
18022027
02020151
14020747
16020432
16020818
22020427
18020139
08020171
04020335
14020746
06020447
16020701
02020347
17020241
14020822
09020464
13020229
20020234
15020436
15020149
06020237
10020433
18020332
21020230
13020132
18020622
18020144
16020928
18021428
21020334
12020923
21020437
15020339
14020821
06020945
06020528
16020223
18020830
01020322
15020337
13020327
16020646
06020944
16020539
12020620
10020127
14020748
05020527
15020256
15020438
06020529
17020142
15020338
18020717
18020222
18021429
10020227
18021430
02020346
20020329
22020534
14020823
13020326
20020426
07020238
05020424
12020821
20020328
18020445
07020337
06020448
05020123
18021545
12020421
09020132
21020635
01020426
21020333
15020336
21020132
18020446
07020639
06020236
07020338
23020127
04020128
14020516
16020136
18020934
16020433
07020339
15020435
08020338
18022028
14020521
04020130
18020413
17020112
01020629
18020718
14020519
18020719
18021432
12020116
18021826
07020241
18021438
17020348
07020240
12020117
18021036
04020226
22020132
14020631
18021731
16020540
03020429
21020133
14020824
10020341