31151018
31154001
31151004
31151006
31154002
30155324
31151007
31151013
31151016
31151015
31151001
31151002
31151005
31151003
31151009
31151010
30151039
30155303
30155051
30150146
30155007
30151206
30151073
30150136
30151092
30155013
30151121
30151132
30155334
30155005
24150104
30151204
30155092
30155045
30155100
30151079
30155421
30155037
30151157
30155140
30155405
30151180
30155320
30151197
30151237
30151043
30155319
30150070
30151167
30151050
30151107
30151181
30150101
30150100
30151221
30155111
30150127
30151134
30150137
30155328
30155063
30151218
30151071
30150060
30151169
30150064
30150002
30151163
30155148
30150029
30151219
30151235
30151260
30155410
30151072
30155008
30155163
30151173
30151020
30155426
24150102
30151175
30155431
30151011
24150103
30150078
30155098
30155047
30151225
30151227
30155176
30150066
24150105
30155067
30151234
24150120
30151094
30151026
30155414
30155112
30155060
30151172
30155088
30151256
30150006
30151023
30150050
30150030
30150077
30155416
30155069
30151174
30155144
30155407
30151029
30155072
30155029
30155089
30155042
30151086
30155074
30155428
30155309
30151141
30155016
30151195
30151080
30155021
30155422
30151147
30151076
30151151
30155311
24150108
30155116
30151058
30150110
30150130
30151230
30155103
30155419
30155068
30155071
30155109
30155061
30150106
30150107
30155035
30151156
30155150
30150037
30155078
30151048
30150036
30150111
30151075
30150121
30150073
30151135
30150074
30155135
30151142
30155185
30151196
30151049
30150154
30155039
30151109
30155184
30155402
30150028
30151062
30155179
24150110
30155033
24150111
24150109
30155161
30155027
30155114
30155154
30151158
24150112
30150114
30151099
30151257
30151228
30151057
30151015
30151068
30155052
30150097
30150088
30151112
30155041
30150089
30151162
30151249
30151053
30151045
30155408
30155048
30155165
30155168
30150001
30155138
30155433
30151199
30155305
30155186
30151040
30151242
30150099
30151250
30151129
30155017
30155004
30151014
30150142
30155018
30151140
30155333
30151220
30151194
30151159
30151055
30151056
30150004
30150062
30150017
30150063
30151037
30151054
30151166
30150010
30150016
30150150
30150148
30151051
30151171
30151061
30155009
30155127
30151214
30151229
30155059
30150022
30151187
30155151
30151067
30155429
30150132
30151255
30150068
30155070
30151240
30150113
30151128
30150140
30151083
30155122
30150067
30151259
30151122
30155046
30155113
30155058
30151243
30151185
30151070
30150120
30151060
30155326
30151119
30151165
30150008
30150061
30151186
30151251
30151170
30155174
30150007
30150093
30155312
30151205
30155152
24150115
30150069
30155155
30150149
30155424
30151059
30150144
30151189
24150121
30150079
30155401
30151131
30155123
30155169
30155409
30155006
30155313
24150107
30155136
30155126
30151139
30151102
30155081
30155130
30151224
30155413
30155124
30150155
30155323
30155181
30150153
30151123
30155086
30151117
24150101
30155082
30155139
30151148
30155137
30155131
30155178
30151087
30151013
30155022
30155420
30155107
30155079
30151085
30151155
30155094
30155406
30151035
30151160
30150065
30150122
30151084
30151236
30150045
30151046
30150124
30155055
30150021
30151239
30151238
30155307
30155110
30155332
30155097
30150092
30155101
30151179
30151178
30151101
30155147
30151090
30155327
30155142
30155083
30155427
30155056
30155162
30151097
30155156
30151096
30151019
30155159
30150115
30155310
30151192
30150031
30155180
30151182
30155404
30155099
30151038
30155425
30155020
30155417
30151146
30155318
30155104
30155090
30155031
30150086
30155065
30155172
30155119
30155115
30155145
30155128
30155146
30155321
30155118
30155329
30155032
30150027
30155121
30155040
30151047
30155036
30155014
30151137
30155080
30155025
30155001
30151144
24150118
30151143
30155117
30151200
24150123
24150126
24150127
30155129
30151226
30155134
30151111
30155415
30155301
24150125
24150117
30155175
30155314
30155170
30150042
30151012
30151006
30155177
30151188
30150032
30151089
30150109
30151065
30151248
30150072
30151253
30155044
30155167
30155105
30155166
30155019
30151291
30151154
30151258
30151133
30155340
30151030
30155432
30155091
30155173
24150106
24150116
30150018
30150071
30150134
30151130
30151064
30150076
30151118
30151063
30151028
30150125
30151244
30151120
30155106
30151232
30150051
30155034
30151034
30151027
30150090
30150055
30150128
30150041
30150046
30150058
30150053
30150054
30150057
30155012
30151044
30150151
30151042
30151222
30151231
30150056
30151223
30150112
30150052
30150059
30151052
30150123
30150131
30151041
30151016
30151233
30150145
30151108
30150126
30150108
30150040
30150139
30150129
30151252
30150012
30155315
30155316
30155084
30150083
30155412
30155158
30155216
30155120
30155023
30155343
30155141
30150014
30150091
30155043
30155050
30155015
30155024
24150114
30155157
30155143
24150113
30155102
30155073
30151168
30155153
30155057
30155331
30151116
30155049
30150035
30150033
30155064
30155077
30150105
30155304
30150096
30155038
30151081
30155066
30155125
30151136
24150124
30155149
30155132
30151018
30155306
30155076
30151201
30151203
30150087
30151138
30155171
30151190
30150094
30151176
30155085
30155302
30155011
24150119
30151241
30155322
30151161
30151198
30150034
30150075
30150133
30151215
24150122
30151110
30150141
30155026
30155164
30155133
01150701
01150101
01150308
01150706
01150511
01150408
01150707
01150407
01150110
01150118
01150708
01150405
01150509
01150427
01150105
01150512
01150205
01150513
01150608
01150204
01150310
01150404
01150116
01150319
01150507
01150605
01150704
01150607
01150510
01150411
01150412
01150314
01150614
01150413
01150317
01150521
01150214
01150318
01150717
01150423
01150716
01150422
01150523
01150609
01150610
01150206
01150524
01150506
01150305
01150306
01150211
01150112
01150418
01150416
01150315
01150210
01150113
01150517
01150615
01150417
01150114
01150525
01150526
01150426
01150425
01150619
01150323
01150120
01150720
01150533
01150322
01150217
01150428
01150531
01150203
01150309
01150406
01150312
01150611
01150311
01150109
01150410
01150710
01150612
01150207
01150108
01150711
01150515
01150313
01150712
01150617
01150715
01150620
01150429
01150604
01150709
01150106
01150514
01150415
01150532
01150121
01150219
01150505
01150503
01150603
01150301
01150502
01150702
01150504
01150601
01150102
01150303
01150302
01150103
01150403
01150402
01150304
01150602
01150104
01150307
01150508
01150201
01150321
01150530
01150119
01150430
01150613
01150208
01150320
01150618
01150522
01150421
01150520
01150218
01150529
01150327
01150719
01150331
01150220
01150215
01150621
01150107
01150329
01150516
01150209
01150703
01150705
01150606
01150202
01150414
01150713
01150420
01150111
01150117
01150409
01150616
01150518
01150212
01150419
01150519
01150115
01150213
01150316
01150714
01150527
01150330
01150328
01150424
01150401
01150501
01150216
01150324
01150325
01150528
01150326
01150718
05150702
05150603
05150509
05150711
05150712
05151109
05150620
05150518
05150719
91151612
05150421
05150420
05150705
05150706
05150109
05150503
05150604
05150110
05151104
05150105
05150501
05150106
05151102
05150409
05150410
05150717
05150515
05150614
05150616
05150126
05150128
05150127
05151111
05150615
05151113
05150718
05151114
05150416
05150708
05151105
05150112
05150113
05150513
05150130
05150137
05150514
05150613
05150121
05150714
05150412
05150610
05150411
05151110
05150609
05150713
05150510
05150525
05150423
05150720
05150521
05150519
05151116
05150135
05150520
05150419
05150148
05150129
05150132
05150107
05150502
05151103
05150405
05150404
05150108
05150704
05150703
05150406
05150403
05150607
05150118
05150506
05151106
05150117
05150116
05150115
05151107
05150407
05150408
05150507
05150709
05151108
05150119
05150138
05150623
05150425
05150716
05150516
05150722
05150721
05150622
05150522
05150111
91151606
05150504
05150120
05150608
05150402
05150701
05150102
05150103
05150601
91151607
05150401
05151101
05150602
91151614
05150149
05150141
05150724
05151121
05150524
05150424
05150508
05150617
05150618
05150619
05150505
05150114
05150606
05150512
05150422
05151119
05150140
05150143
05150147
05151112
05150144
05150707
05150142
05151122
05150621
05150710
05150104
05150605
05150715
05150415
05151117
05150131
05150134
05151115
91151613
05150611
05150122
05150511
05150612
05150123
05150414
05150413
05150125
05150124
05150725
05150624
05150417
05150418
05150133
05150517
05150146
05150101
05150523
05150136
05150625
05151118
05150139
05150723
05150145
05151120
02150301
02150422
02150115
02150219
02150220
02150103
02150205
02150408
02150108
02150409
02150410
02150105
02150102
02150104
02150207
02150421
02150433
02150217
02150122
02150319
02150449
02150442
02150438
02150439
02150315
02150437
02150109
02150110
02150208
02150111
02150412
02150411
02150116
02150435
02150226
02150308
02150424
02150425
02150309
02150118
02150119
02150426
02150214
02150117
02150213
02150310
02150127
02150446
02150124
02150443
02150318
02150123
02150445
02150444
02150405
02150304
02150221
02150216
02150451
02150228
02150452
02150305
02150107
02150106
02150407
02150406
02150114
02150416
02150113
02150306
02150307
02150417
02150414
02150210
02150209
02150415
02150418
02150112
91151602
02150211
02150413
02150420
02150419
02150312
02150215
02150431
02150218
02150311
02150206
02150423
02150212
02150434
02150222
02150321
02150453
02150441
02150201
02150401
02150404
02150101
02150302
02150403
02150402
02150202
02150203
02150204
02150303
02150440
02150227
02150432
02150436
02150128
02150129
02150223
02150316
02150314
02150313
02150430
02150448
02150225
02150224
02150317
02150428
02150429
02150427
02150121
02150120
02150320
02150125
02150447
02150322
02150126
02150450
15150301
15150101
15150617
15150303
15150401
15150313
15150323
15150213
15150322
15150214
15150429
15150635
15150310
15150343
15150344
15150611
15150207
15150314
15150513
15150208
15150511
15150316
15150610
15150404
15150315
15150403
15150612
15150512
15150110
15150646
15150122
15150227
15150422
15150201
15150508
15150205
15150206
15150309
15150307
15150609
15150402
15150522
15150622
15150421
15150630
15150631
15150632
15150223
15150339
15150224
15150534
15150132
15150637
15150430
15150636
15150305
15150615
15150405
15150614
15150616
15150515
15150406
15150424
15150123
15150140
15150124
15150112
15150215
15150114
15150204
15150423
15150437
15150134
15150109
15150523
15150529
15150233
15150623
15150417
15150216
15150327
15150115
15150328
15150329
15150624
15150625
15150116
15150418
15150342
15150235
15150304
15150604
15150603
15150222
15150130
15150540
15150536
15150232
15150347
15150643
15150106
15150312
15150608
15150509
15150107
15150606
15150607
15150510
15150311
15150108
15150408
15150618
15150410
15150518
15150319
15150412
15150517
15150619
15150413
15150210
15150519
15150320
15150414
15150409
15150411
15150209
15150516
15150620
15150211
15150520
15150212
15150415
15150521
15150621
15150121
15150335
15150229
15150345
15150537
15150627
15150507
15150524
15150416
15150324
15150326
15150325
15150351
15150601
15150602
15150102
15150203
15150505
15150104
15150501
15150502
15150504
15150103
15150503
15150105
15150302
15150605
15150308
15150317
15150129
15150434
15150350
15150642
15150641
15150135
15150136
15150541
15150628
15150542
15150645
15150341
15150533
15150427
15150532
15150428
15150127
15150340
15150407
15150432
15150234
15150348
15150538
15150349
15150138
15150644
15150647
15150435
15150613
15150318
15150113
15150514
15150426
15150531
15150530
15150634
15150633
15150306
15150528
15150321
15150527
15150120
15150221
15150225
15150226
15150126
15150431
15150125
15150336
15150338
15150629
15150337
15150128
15150131
15150139
15150419
15150330
15150218
15150220
15150217
15150525
15150420
15150332
15150118
15150334
15150219
15150626
15150333
15150119
15150331
15150117
15150526
15150230
15150137
15150506
15150539
15150433
15150425
15150638
15150228
15150202
15150133
15150436
15150346
15150639
15150535
15150231
15150111
15150640
17150101
17150118
17150106
17150110
17150109
17150105
17150107
17150117
17150115
17150116
17150140
17150141
17150155
17150149
17150143
17150137
17150119
17150139
17150138
17150104
17150161
17150121
17150127
17150120
17150125
17150124
17150123
17150122
17150126
17150128
17150153
17150163
17150142
91151601
17150108
17150113
17150112
17150162
17150102
17150146
17150136
17150148
17150114
17150145
17150135
17150158
17150159
17150160
17150111
17150147
17150144
17150154
17150152
17150133
17150129
17150131
17150134
17150130
17150132
17150156
17150103
17150151
17150150
17150157
04150101
04150217
04150108
04150210
04150325
04150133
04150310
04150334
04150112
04150315
04150213
04150114
04150314
04150113
31151012
04150308
04150306
04150110
04150323
04150221
04150128
04150333
04150230
04150127
04150231
04150135
04150240
04150241
04150246
04150236
04150209
04150316
04150216
04150317
04150336
04150247
04150307
04150327
04150328
04150120
04150329
04150326
04150223
04150122
04150224
04150121
04150225
04150343
04150244
04150208
04150232
04150338
04150342
04150136
04150243
04150249
04150311
04150313
04150211
04150312
04150212
04150219
31151011
04150319
04150116
04150320
04150318
04150117
04150218
04150321
04150118
04150322
04150229
04150131
04150344
04150345
04150222
04150237
04150253
04150138
04150340
04150339
04150248
04150348
04150202
04150107
04150205
04150204
04150105
04150206
04150302
04150207
04150203
04150303
04150106
04150309
04150351
04150111
04150215
04150350
04150346
04150252
04150251
04150126
04150238
04150341
04150220
04150235
04150337
04150115
04150137
04150250
04150347
04150254
04150129
04150234
04150130
04150332
04150109
04150304
04150119
04150324
04150233
04150335
04150239
04150132
04150214
04150330
04150123
04150226
04150227
04150124
04150125
04150228
04150331
04150242
04150245
04150102
04150301
04150201
04150104
04150103
04150134
04150349
18150124
18150105
18150106
18150112
18150113
18150121
18150127
18150125
18150104
18150107
18150103
18150115
18150114
18150116
18150135
18150129
18150109
18150110
18150101
18150102
18150134
18150108
18150126
18150111
18150122
18150123
18150131
18150120
18150117
18150118
18150119
18150136
18150128
18150130
18150133
18150132
03150201
03150110
03150307
03150405
03150406
03150119
03150411
03150220
03150418
03150130
03150131
03150338
03150311
03150407
03150408
03150313
03150111
03150219
03150308
03150204
03150107
03150108
03150404
03150209
03150312
03150319
03150218
03150410
03150228
03150329
03150417
03150330
03150118
03150334
03150205
03150315
03150328
03150112
03150415
03150403
03150333
03150122
03150413
03150414
03150221
03150321
03150124
03150125
03150123
03150120
03150121
03150222
03150132
03150233
03150309
03150217
03150420
03150212
03150213
03150115
03150114
03150116
03150316
03150113
03150317
03150409
03150215
03150318
03150214
03150117
03150237
03150126
03150231
03150412
03150236
03150339
03150211
03150303
03150104
03150401
03150402
03150202
03150103
03150304
03150305
03150105
03150203
03150102
03150306
03150337
03150109
03150208
03150310
03150314
03150127
03150327
03150424
03150216
03150129
03150128
03150226
03150227
03150230
03150426
03150232
03150419
03150238
03150210
03150335
03150422
03150137
03150240
03150229
03150331
03150332
03150423
03150206
03150325
03150320
03150133
03150235
03150421
03150416
03150322
03150223
03150225
03150324
03150323
03150224
03150326
03150136
03150301
03150101
03150302
03150234
03150427
03150340
03150239
03150138
03150134
03150336
03150135
03150425
03150106
03150207
14150401
14150201
14150310
14150411
14150107
14150140
14150106
14150130
14150605
14150208
14150406
14150313
14150507
14150207
14150607
14150311
14150506
14150308
14150505
14150108
14150610
14150117
14150410
14150318
14150319
14150514
14150325
14150418
14150513
14150326
14150617
14150127
14150216
14150330
14150328
14150128
14150103
14150314
14150112
14150210
14150209
14150419
14150217
14150602
14150109
14150312
14150206
14150301
14150119
14150120
14150118
14150413
14150121
14150214
14150612
14150613
14150614
14150510
14150511
14150611
14150215
14150420
14150335
14150129
14150332
14150422
14150133
14150517
14150405
14150205
14150404
14150604
14150309
14150407
14150315
14150211
14150212
14150115
14150508
14150608
14150114
14150408
14150316
14150409
14150116
14150317
14150213
14150609
14150323
14150512
14150333
14150219
14150307
14150606
14150110
14150412
14150509
14150424
14150518
14150601
14150403
14150503
14150304
14150203
14150101
14150306
14150305
14150504
14150202
14150102
14150204
14150141
14150134
14150104
14150221
14150138
14150423
14150126
14150324
14150516
14150113
14150135
14150136
14150137
14150220
14150139
14150334
14150618
14150111
14150321
14150603
14150320
14150515
14150616
14150327
14150414
14150122
14150123
14150415
14150615
14150417
14150416
14150322
14150124
14150331
14150619
14150303
14150502
14150402
14150302
14150501
14150421
14150131
14150329
14150620
14150222
14150218
14150132
14150105
11150301
11150101
11150308
11150501
11150117
11150311
11150126
11150203
11150303
11150402
11150505
11150401
11150403
11150119
11150306
11150307
11150110
11150118
11150208
11150317
11150502
11150112
11150503
11150114
11150504
11150509
11150508
11150125
11150514
11150207
11150315
11150156
11150148
11150149
11150150
11150518
11150319
11150146
11150111
11150516
11150205
11150510
11150143
11150159
11150132
11150137
11150129
11150128
11150134
11150136
11150130
11150135
11150312
11150133
11150131
11150151
11150216
11150165
11150202
11150158
11150324
11150115
11150305
11150116
11150304
11150506
11150121
11150309
11150120
11150124
11150310
11150123
11150204
11150122
11150318
11150160
11150522
11150127
11150213
11150215
11150327
11150106
11150107
11150105
11150108
11150201
11150109
11150320
11150147
11150161
11150326
11150404
11150164
11150507
11150144
11150145
11150209
11150523
11150212
11150519
11150162
11150524
11150517
11150163
11150113
11150142
11150316
11150515
11150154
11150210
11150155
11150138
11150140
11150139
11150141
11150314
11150512
11150313
11150206
11150513
11150325
11150525
11150520
11150321
11150322
11150302
11150103
11150102
11150104
11150152
11150153
11150323
11150166
11150214
11150211
11150521
12150819
12150817
12150212
12150213
12150823
12150838
12150857
12150218
12150706
12150219
12150105
12151301
12150705
12150220
12150825
12150217
12150221
12150836
12150811
12150216
12151305
12150210
12150211
12150102
12150815
12151202
12150214
12151201
12150231
12150232
12150711
12150837
12150107
12150717
12150110
12150111
12151206
12150721
12150258
12150824
12150718
12150709
12151302
12151204
12150852
12150237
12151303
12150248
12150858
12150813
12150821
12150260
12150871
12150233
12150840
12150841
12150238
12150242
12150239
12150243
12151205
12150842
12150108
12150240
12150241
12150843
12150119
12150113
12150114
12151208
12150863
12150252
12150253
12150864
12150876
12151310
12150812
12150230
12150120
12151309
12150115
12150873
12150104
12150215
12150822
12150829
12150224
12150828
12150225
12150831
12150710
12150229
12150226
12150227
12150832
12150833
12150834
12150835
12150228
12150850
12150849
12150118
12150245
12150865
12150810
12150707
12150222
12150826
12150236
12150235
12150270
12150271
12150203
12150801
12150802
12150808
12150701
12150205
12150206
12150804
12150703
12150809
12150805
12150101
12150208
12150704
12150806
12150803
12150807
12150207
12150702
12150209
12150204
12150103
12150816
12150818
12150860
12150112
12150719
12150861
12151210
12150261
12150853
12150855
12150854
12150848
12151307
12150722
12150263
12150264
12150265
12150723
12150269
12150121
12150272
12150106
12150249
12150267
12150268
12150273
12150223
12150708
12150827
12150874
12150875
12151207
12150859
12150862
12150246
12151306
12150234
12151304
12150820
12150716
12150839
12150851
12150856
12150868
12150257
12150256
12150247
12150844
12150109
12150712
12150274
12150713
12150714
12150845
12150244
12150715
12150846
12150847
12150869
12150262
12150266
12151209
12150250
12150251
12150202
12150201
12150720
12150255
12150867
12150866
12150254
12151308
12150259
12150870
12151203
12150814
12150116
12150117
13150301
13150401
13150214
13150314
13150114
13150120
13150123
13150230
13150325
13150425
13150131
13150406
13150208
13150105
13150107
13150106
13150407
13150308
13150102
13150405
13150113
13150213
13150411
13150222
13150223
13150227
13150225
13150226
13150224
13150121
13150125
13150124
13150309
13150108
13150210
13150416
13150419
13150127
13150423
13150412
13150115
13150216
13150218
13150217
13150317
31151014
13150413
13150333
13150231
13150326
13150205
13150332
13150135
13150403
13150418
13150319
13150206
13150103
13150104
13150207
13150109
13150311
13150211
13150212
13150310
13150312
13150313
13150410
13150110
13150111
13150422
13150128
13150327
13150101
13150316
13150330
13150427
13150234
13150402
13150307
13150303
13150202
13150203
13150306
13150302
13150304
13150305
13150204
13150132
13150404
13150426
13150133
13150112
13150322
13150119
13150424
13150129
13150130
13150233
13150335
13150235
13150236
13150134
13150428
13150420
13150409
13150408
13150209
13150331
13150334
13150122
13150228
13150320
13150321
13150315
13150215
13150415
13150417
13150328
13150421
13150329
13150324
13150219
13150116
13150414
13150318
13150220
13150117
13150221
13150118
13150126
13150229
13150323
13150201
13150429
13150232
19150307
19150309
19150324
19150110
19150208
19150128
19150305
19150211
19150115
19150303
19150304
19150138
19150207
19150206
19150127
19150217
19150223
19150221
19150319
19150222
19150320
19150146
19150226
19150213
19150140
19150108
19150151
19150132
19150133
19150313
19150219
19150218
19150134
19150326
19150325
19150111
19150150
19150210
19150112
19150113
19150114
19150120
19150308
19150121
19150122
19150124
19150123
19150215
19150214
19150125
19150317
19150209
19150117
19150118
19150306
19150129
19150130
19150131
19150312
19150311
19150227
19150107
19150203
19150202
19150301
19150103
19150104
19150201
19150105
19150302
19150109
19150205
19150153
19150155
19150318
19150139
19150216
19150322
19150144
19150225
19150323
19150224
19150119
19150228
19150328
19150229
19150152
19150230
19150143
19150141
19150142
19150154
19150126
19150204
19150321
19150327
19150145
19150148
19150149
19150147
19150212
19150310
19150315
19150135
19150314
19150137
19150316
19150136
19150220
19150106
19150102
19150101
19150156
19150330
19150329
19150116
07150508
07150501
07150414
07150521
07150315
07150206
07150407
07150306
07150509
07150405
07150512
07150513
07150207
07150310
07150107
07150514
07150311
07150406
07150511
07150506
07150507
07150112
07150313
07150518
07150520
07150519
07150210
07150314
07150209
07150420
07150216
07150217
07150320
07150530
07150536
07150125
07150423
07150108
07150515
07150106
07150103
07150539
07150113
07150522
07150211
07150317
07150316
07150212
07150115
07150524
07150523
07150114
07150323
07150220
07150123
07150219
07150122
07150535
07150121
07150307
07150542
07150532
07150538
07150126
07150326
07150309
07150204
07150308
07150205
07150516
07150110
07150408
07150312
07150409
07150410
07150109
07150412
07150111
07150517
07150411
07150118
07150422
07150224
07150425
07150319
07150418
07150325
07150330
07150505
07150401
07150201
07150503
07150302
07150402
07150203
07150102
07150403
07150404
07150101
07150202
07150304
07150305
07150303
07150504
07150105
07150427
07150329
07150413
07150421
07150104
07150327
07150226
07150541
07150322
07150533
07150429
07150430
07150328
07150208
07150428
07150119
07150321
07150531
07150510
07150318
07150218
07150324
07150419
07150120
07150225
07150525
07150526
07150527
07150214
07150529
07150215
07150416
07150415
07150528
07150417
07150213
07150116
07150117
07150222
07150540
07150426
07150534
07150502
07150301
07150221
07150124
07150431
07150424
07150537
07150223
08150308
08150115
08150114
08150330
08150212
08150107
08150213
08150214
08150312
08150215
08150209
08150106
08150310
08150210
08150113
08150132
08150131
08150331
08150128
08150313
08150243
08150105
08150228
08150339
08150340
08150205
08150320
08150229
08150123
08150119
08150120
08150232
08150121
08150122
08150231
08150321
08150230
08150124
08150240
08150134
08150306
08150238
08150337
08150305
08150311
08150211
08150219
08150316
08150221
08150218
08150109
08150111
08150220
08150315
08150110
08150216
08150217
08150222
08150223
08150227
08150318
08150317
08150226
08150112
08150225
08150224
08150235
08150237
08150138
08150319
08150118
08150142
08150343
08150141
08150201
08150302
08150303
08150202
08150102
08150304
08150204
08150203
08150103
08150207
08150208
08150329
08150309
08150136
08150144
08150133
08150137
08150324
08150127
08150140
08150139
08150143
08150314
08150108
08150341
08150239
08150244
08150327
08150129
08150328
08150130
08150104
08150307
08150206
08150117
08150116
08150326
08150241
08150325
08150236
08150233
08150322
08150125
08150126
08150234
08150323
08150342
08150101
08150301
08150332
08150333
08150334
08150335
08150336
08150135
08150242
08150338
10150401
10150402
10150101
10150610
10150605
10150206
10150305
10150409
10150713
10150113
10150616
10150722
10150224
10150228
10150504
10150705
10150607
10150508
10150509
10150411
10150507
10150706
10150506
10150208
10150309
10150205
10150204
10150603
10150408
10150306
10150606
10150419
10150317
10150615
10150420
10150427
10150429
10150428
10150117
10150220
10150118
10150219
10150439
10150332
10150227
10150724
10150522
10150723
10150226
10150109
10150210
10150510
10150710
10150311
10150221
10150622
10150617
10150526
10150442
10150601
10150308
10150527
10150530
10150321
10150422
10150115
10150424
10150513
10150218
10150619
10150425
10150320
10150714
10150319
10150618
10150423
10150715
10150726
10150330
10150229
10150303
10150407
10150225
10150327
10150316
10150440
10150730
10150234
10150307
10150505
10150207
10150212
10150611
10150213
10150312
10150110
10150415
10150313
10150711
10150416
10150214
10150612
10150211
10150414
10150215
10150512
10150613
10150314
10150216
10150111
10150315
10150614
10150417
10150112
10150712
10150516
10150116
10150326
10150624
10150223
10150329
10150125
10150517
10150621
10150105
10150707
10150209
10150524
10150127
10150336
10150446
10150237
10150502
10150203
10150301
10150405
10150403
10150702
10150703
10150302
10150202
10150503
10150501
10150103
10150404
10150104
10150406
10150604
10150525
10150602
10150708
10150626
10150126
10150732
10150124
10150236
10150518
10150328
10150627
10150418
10150217
10150521
10150433
10150325
10150721
10150413
10150511
10150443
10150727
10150444
10150630
10150728
10150233
10150733
10150310
10150108
10150609
10150709
10150529
10150335
10150528
10150129
10150731
10150235
10150128
10150531
10150445
10150532
10150412
10150625
10150122
10150725
10150519
10150520
10150222
10150431
10150720
10150432
10150324
10150318
10150704
10150106
10150304
10150410
10150114
10150421
10150623
10150719
10150430
10150121
10150230
10150438
10150437
10150629
10150718
10150119
10150120
10150434
10150608
10150322
10150323
10150514
10150620
10150716
10150717
10150426
10150515
10150729
10150435
10150102
10150201
10150701
10150123
10150436
10150331
10150628
10150631
10150632
10150334
10150232
10150231
10150333
10150107
10150441
09150101
09150401
09150102
09150301
09150410
09150309
09150310
09150110
09150213
09150214
09150315
09150434
09150241
09150328
09150440
09150211
09150132
09150111
09150312
09150215
09150311
09150412
09150413
09150414
09150216
09150235
09150408
09150209
09150409
09150107
09150108
09150121
09150227
09150122
09150226
09150429
09150431
09150430
09150250
09150249
09150129
09150407
09150219
09150112
09150220
09150416
09150221
09150113
09150127
09150123
09150230
09150229
09150135
09150251
09150341
09150423
09150424
09150124
09150422
09150425
09150125
09150317
09150232
09150231
09150253
09150329
09150443
09150305
09150406
09150106
09150120
09150208
09150411
09150109
09150308
09150212
09150419
09150222
09150117
09150223
09150114
09150115
09150420
09150116
09150224
09150418
09150421
09150313
09150119
09150118
09150225
09150314
09150237
09150427
09150248
09150128
09150330
09150217
09150316
09150342
09150255
09150201
09150204
09150403
09150304
09150205
09150404
09150203
09150105
09150405
09150206
09150207
09150202
09150210
09150307
09150242
09150436
09150245
09150439
09150336
09150442
09150437
09150323
09150240
09150324
09150433
09150417
09150438
09150136
09150343
09150259
09150246
09150247
09150340
09150218
09150338
09150339
09150228
09150435
09150244
09150243
09150321
09150238
09150239
09150441
09150306
09150236
09150428
09150432
09150322
09150131
09150415
09150325
09150318
09150319
09150320
09150126
09150233
09150234
09150426
09150332
09150252
09150257
09150254
09150130
09150327
09150326
09150258
09150302
09150303
09150402
09150104
09150103
09150331
09150337
09150256
09150133
09150334
09150333
09150335
09150134
21150401
21150901
21151001
21150701
21150201
21150703
21150611
21151004
21150205
21151007
21150405
21150628
21150119
21150724
21150725
21150128
21150332
21150932
21150702
21150614
21150109
21150910
21150713
21150615
21151009
21151008
21151011
21150108
21151010
21150909
21150714
21150907
21150206
21150617
21150808
21150908
21151012
21151013
21150616
21150407
21150406
21150408
21150309
21150906
21150310
21150612
21150709
21150106
21150710
21150107
21150712
21150723
21150213
21150627
21150919
21150417
21150818
21151025
21150319
21150830
21150637
21150831
21150733
21150638
21150734
21150320
21150126
21150639
21150644
21150328
21150331
21150739
21150926
21150836
21150839
21150835
21151031
21151030
21151032
21150229
21150404
21150717
21150210
21150619
21150719
21150718
21150813
21151026
21150735
21150420
21150905
21150640
21151036
21150649
21150928
21150929
21150927
21150330
21150653
21150432
21150632
21150216
21150823
21150633
21151021
21150217
21150727
21150822
21150728
21150726
21150821
21150219
21150120
21150218
21151022
21150121
21150920
21150317
21150220
21150650
21150430
21150741
21150130
21150230
21150742
21150711
21150846
21150708
21151029
21150228
21150322
21150429
21150647
21151006
21151005
21150308
21150112
21150621
21150411
21150620
21150722
21150312
21150313
21151015
21150913
21150721
21150720
21150412
21150815
21150211
21150915
21150914
21150314
21150623
21150113
21150622
21150413
21150912
21150916
21150624
21150625
21150212
21150116
21150817
21150816
21150917
21150415
21151017
21151016
21150416
21150626
21150115
21150414
21150918
21150114
21150315
21150222
21150834
21150743
21150715
21150409
21150410
21150207
21150111
21150618
21150911
21150215
21150214
21150316
21151019
21150630
21151020
21150631
21150645
21150940
21150845
21151039
21150604
21150801
21150603
21150302
21150606
21150706
21150605
21150402
21150301
21150802
21150704
21150303
21150101
21150902
21150204
21150103
21150403
21150707
21150105
21150803
21150104
21150804
21150607
21150904
21150203
21150805
21150903
21150610
21150609
21150608
21151003
21150102
21151002
21150304
21150705
21150806
21150613
21150329
21150307
21150738
21150641
21150232
21150110
21150832
21150433
21150133
21150732
21151024
21150746
21150939
21150324
21150118
21150117
21151028
21150424
21150306
21150814
21150311
21151038
21150930
21150431
21150931
21150745
21150936
21150938
21150747
21150426
21150427
21151033
21150811
21151014
21150810
21150209
21150716
21150812
21150208
21151034
21150843
21150934
21150844
21150419
21150323
21150925
21150129
21150325
21150226
21150225
21150423
21150833
21150736
21150924
21151027
21150737
21150127
21150321
21150227
21151040
21150418
21150828
21150731
21150422
21150819
21150629
21150820
21150327
21150840
21150643
21150131
21150223
21150125
21150829
21150923
21150224
21150425
21150740
21150838
21150809
21150231
21151037
21150333
21150122
21150421
21150824
21151023
21150221
21150730
21150318
21150826
21150827
21150634
21150635
21150636
21150921
21150123
21150922
21150729
21150124
21150825
21150428
21150937
21150652
21150233
21150935
21150305
21150651
21150326
21150837
21150601
21150202
21150602
21150642
21150847
21150848
21150654
21150933
21150841
21150646
21150744
21150842
21150132
21151035
21150648
20150601
20150404
20150709
20150302
20150701
20150501
20150218
20150620
20150626
20150524
20150408
20150706
20150207
20150608
20150731
20150111
20150611
20150212
20150313
20150407
20150213
20150110
20150113
20150406
20150511
20150710
20150112
20150114
20150332
20150228
20150702
20150705
20150211
20150109
20150209
20150708
20150517
20150419
20150119
20150120
20150619
20150521
20150722
20150721
20150723
20150133
20150724
20150227
20150137
20150531
20150236
20150231
20150427
20150526
20150116
20150513
20150411
20150410
20150711
20150514
20150712
20150333
20150707
20150609
20150409
20150221
20150519
20150728
20150403
20150508
20150704
20150720
20150310
20150735
20150241
20150242
20150121
20150321
20150421
20150323
20150122
20150322
20150325
20150126
20150324
20150125
20150123
20150520
20150222
20150124
20150718
20150716
20150717
20150635
20150237
20150141
20150530
20150428
20150429
20150629
20150631
20150232
20150630
20150734
20150208
20150510
20150311
20150405
20150210
20150610
20150312
20150316
20150614
20150216
20150215
20150515
20150516
20150414
20150416
20150415
20150713
20150714
20150615
20150217
20150413
20150315
20150317
20150617
20150616
20150715
20150417
20150618
20150418
20150229
20150634
20150623
20150423
20150230
20150115
20150621
20150320
20150534
20150737
20150535
20150740
20150220
20150202
20150504
20150102
20150306
20150103
20150305
20150603
20150605
20150703
20150503
20150602
20150505
20150604
20150203
20150401
20150308
20150307
20150402
20150104
20150507
20150204
20150506
20150105
20150509
20150607
20150106
20150206
20150633
20150337
20150627
20150533
20150338
20150736
20150532
20150140
20150117
20150132
20150424
20150329
20150318
20150425
20150739
20150412
20150118
20150613
20150214
20150628
20150636
20150339
20150143
20150527
20150729
20150738
20150239
20150612
20150240
20150638
20150219
20150426
20150528
20150639
20150625
20150335
20150726
20150334
20150624
20150522
20150727
20150606
20150205
20150107
20150108
20150518
20150420
20150319
20150331
20150523
20150432
20150235
20150136
20150330
20150512
20150525
20150622
20150223
20150326
20150127
20150131
20150224
20150327
20150719
20150128
20150226
20150225
20150130
20150129
20150422
20150328
20150340
20150309
20150435
20150238
20150142
20150637
20150725
20150529
20150730
20150303
20150304
20150101
20150502
20150201
20150134
20150135
20150632
20150430
20150234
20150732
20150431
20150233
20150436
20150536
20150138
20150433
20150733
20150139
20150434
20150314
16150411
16150112
16150402
16150401
16150519
16150419
16150713
16150420
16150139
16150111
16150212
16150605
16150213
16150109
16150706
16150215
16150118
16150231
16150211
16150410
16150506
16150603
16150604
16150704
16150518
16150515
16150418
16150712
16150517
16150516
16150428
16150719
16150617
16150133
16150135
16150132
16150134
16150718
16150136
16150723
16150149
16150705
16150623
16150236
16150721
16150430
16150234
16150235
16150429
16150720
16150233
16150510
16150619
16150615
16150616
16150717
16150520
16150602
16150618
16150433
16150530
16150119
16150145
16150523
16150610
16150421
16150423
16150714
16150224
16150123
16150422
16150521
16150121
16150522
16150611
16150223
16150122
16150240
16150146
16150238
16150140
16150141
16150239
16150142
16150621
16150613
16150529
16150722
16150244
16150150
16150243
16150606
16150507
16150508
16150607
16150214
16150511
16150113
16150707
16150216
16150114
16150709
16150416
16150116
16150417
16150512
16150415
16150115
16150513
16150217
16150708
16150710
16150219
16150608
16150221
16150220
16150218
16150711
16150131
16150715
16150427
16150724
16150725
16150209
16150412
16150609
16150120
16150250
16150434
16150625
16150102
16150408
16150203
16150501
16150103
16150202
16150503
16150502
16150405
16150204
16150407
16150107
16150207
16150404
16150504
16150208
16150703
16150104
16150105
16150106
16150205
16150206
16150702
16150152
16150247
16150108
16150505
16150531
16150249
16150716
16150614
16150526
16150514
16150117
16150232
16150620
16150414
16150532
16150147
16150534
16150242
16150533
16150726
16150241
16150148
16150536
16150138
16150413
16150245
16150151
16150246
16150248
16150622
16150525
16150210
16150228
16150426
16150222
16150137
16150230
16150143
16150229
16150237
16150126
16150125
16150124
16150225
16150612
16150130
16150226
16150127
16150128
16150424
16150425
16150227
16150129
16150524
16150144
16150409
16150527
16150535
16150101
16150701
16150601
16150403
16150201
16150528
16150431
16150624
16150509
16150110
16150432
23150204
23150215
23150114
23150108
23150202
23150113
23150213
23150214
23150231
23150127
23150128
23150230
23150239
23150138
23150129
23150207
23150217
23150144
23150228
23150245
23150238
23150116
23150218
23150117
23150118
23150119
23150120
23150221
23150220
23150219
23150242
23150236
23150134
23150133
23150146
23150250
23150107
23150212
23150131
23150142
23150111
23150208
23150209
23150211
23150112
23150210
23150227
23150205
23150216
23150115
23150139
23150240
23150102
23150104
23150106
23150105
23150103
23150109
23150233
23150130
23150126
23150135
23150249
23150226
23150243
23150244
23150145
23150248
23150149
23150148
23150150
23150247
23150110
23150206
23150246
23150147
23150203
23150225
23150232
23150137
23150229
23150132
23150222
23150121
23150122
23150124
23150223
23150125
23150123
23150224
23150151
23150234
23150235
23150101
23150201
23150136
23150237
23150140
23150141
23150241
23150143
88152506
88151505
88150107
88152405
88152908
88151506
88153403
88154108
88150509
88153304
88152703
88153007
88150904
88152008
88151404
88152807
88153807
88151705
88151106
88153008
88152305
88151731
88154026
88153922
88152142
88150332
88151245
88153622
88151534
88150533
88151832
88152509
88151925
88150611
88151725
88151944
88150928
88151141
88152904
88153104
88152103
88151003
88150806
88154109
88152608
88151208
88151209
88151220
88152433
88153822
88150308
88152607
88150151
88151911
88153109
88154010
88151912
88152108
88152814
88150513
88150206
88154009
88150207
88152524
88151642
88151023
88150929
88154132
88150114
88153706
88150115
88151812
88150908
88152815
88151538
88151747
88152045
88152241
88151537
88150432
88152046
88154119
88152323
88153717
88152028
88151620
88151523
88150128
88151605
88151908
88152706
88151508
88151709
88152605
88153805
88150127
88150320
88151109
88153809
88151108
88151708
88152206
88151806
88151807
88151907
88151820
88153914
88151805
88151504
88150713
88152119
88154114
88153612
88152917
88150912
88152319
88152517
PT151602
88151917
88151822
88151915
88153114
88153817
88154116
88150213
88152419
88153115
88151412
88154019
88152821
88152615
88151221
88154115
88153207
88151616
88153019
88152516
88153816
88150914
88150913
88151721
88153020
88152918
88152024
88152025
88150120
88151916
88150416
88154113
88150121
88152026
88153021
88150522
88150417
88152820
88150818
88153915
88153408
88150318
88151821
88152418
88152117
88151009
88152120
88151722
88152118
88150101
88152301
88150801
88154013
88151410
88152505
88150403
88150508
88152906
88151401
88151901
88151202
88154117
88152716
88150123
88150523
88153314
88150419
88151519
88150125
88150124
88151617
88150922
88151641
88152144
88152935
88151012
88151418
88152126
88151926
88152226
88152832
88151746
88152240
88153931
88152735
88154033
88153930
88150728
88152314
88153012
88153013
88151533
88151240
88153409
88151413
88152824
88152823
88152421
88152520
88152717
88151225
88153916
88152730
88150616
88151427
88152530
88152039
88151426
88153618
88153728
88152334
88153131
88151239
88152333
88152930
88150618
88152233
88150834
88154030
88151937
88153927
88150529
88152632
88151018
88151017
88151829
88153214
88153619
88150143
88152038
88153617
88152841
88153037
88151938
88152631
88151633
88152137
88152037
88152842
88151736
88150617
88150530
88152432
88153329
88150845
88151841
88151543
88150735
88152742
88153141
88152939
88150149
88151033
88153741
88152940
88153840
88151035
88151337
88150736
88151950
88150536
88154035
88151542
88151754
88153047
88150933
88152149
88152052
88153420
88153529
88151840
88154136
88151150
88152345
88151650
88150934
88150625
88152438
88152051
88153046
88150338
88150846
88151151
88152850
88152148
88152150
88154137
88151034
88153321
88151528
88151419
88153121
88152033
88152625
88150220
88151013
88152728
88151827
88150918
88151930
88152727
88150422
88153215
88152235
88151738
88151634
88151739
88153039
88151737
88153132
88150722
88153038
88150427
88152234
88152335
88151830
88151428
88150923
88151833
88153929
88153524
88150333
88151640
88151745
88150727
88151943
88153733
88153523
88152639
88151139
88153833
88152537
88153834
88152412
88152713
88152711
88152712
88152017
88153812
88151512
88152613
88151513
88153011
88152313
88150516
88150517
88152413
88150413
88150827
88154121
88152425
88153412
88153920
88151728
88153825
88153824
88153210
88152030
88150826
88152726
88154123
88152329
88154025
88152330
88152427
88151126
88150828
88152623
88152833
88152920
88151525
88150219
88152031
88151317
88151626
88150917
88152921
88153028
88152834
88150425
88153211
88151927
88154122
88152127
88154024
88152426
88153723
88153722
88153029
88152227
88152624
88151928
88153120
88151522
88150321
88153024
88150610
88152321
88150821
88154015
88152710
88152215
88153910
88151611
88152016
88151511
88153014
88153309
88151813
88152501
88153026
88151524
88151230
88153209
88151625
88151231
88152919
88151844
88153144
88152743
88152444
88150439
88152443
88154112
88154014
88152913
88151939
88152224
88153416
88151331
88150315
88152828
88150719
88153517
88150230
88152903
88152007
88152503
88153402
88153602
88150804
88152929
88153823
88150327
88152931
88153101
88153530
88154139
88153630
88151339
88151338
88151653
88154036
88153326
88150130
88153510
88153913
88151439
88151255
88152846
88151253
88151437
88150337
88153045
88152848
88151540
88152049
88150334
88151834
88153835
88152341
88150730
88151837
88153936
88150148
88153525
88151645
88152737
88150842
88151644
88153419
88152436
88153625
88153738
88150931
88150843
88152739
88150433
88153139
88154134
88151025
88152936
88152847
88153836
88151148
88151838
88150930
88152937
88150621
88153138
88151143
88153136
88153736
88152738
88153526
88151029
88151147
88152243
88153042
88151251
88151643
88151334
88153735
88151254
88153837
88151028
88151333
88153734
88152640
88152736
88150335
88150839
88151436
88151835
88152242
88151836
88151647
88152146
88150232
88151032
88153527
88151541
88151257
88150233
88151646
88153624
88152244
88152047
88153043
88150841
88153327
88153044
88153137
88153935
88151142
88150535
88151145
88152342
88152147
88154034
88153418
88150840
88151031
88151027
88151438
88150231
88152740
88152538
88151144
88153838
88152048
88150732
88150336
88150731
88153839
88150622
88153937
88153737
88151030
88150620
88150623
88151252
88151026
88150147
88151256
88150733
88154135
88151146
88151924
88152620
88153718
88152522
88152826
88150131
88152324
88150916
88151227
88151326
88151134
88151019
88153730
88152633
88154129
88150724
88152238
88151635
88150329
88151242
88150835
88152041
88152236
88152237
88150532
88153323
88150226
88151740
88152933
88152434
88152140
88150144
88151831
88151135
88153324
88153520
88152731
88152336
88154130
88151429
88152339
88151636
88153731
88151430
88152636
88150836
88152634
88152635
88153732
88153322
88152338
88150145
88152337
88150531
88151606
88150506
88152102
88151105
88150605
88152504
88153704
88150507
88152805
88152905
88151304
88153006
88151704
88151703
88150805
88153603
88152009
88153705
88151503
88151305
88150404
88151306
88150405
88151604
88150111
88152705
88152407
88152809
88151211
88151624
88150823
88152725
88152029
88151826
88153721
88153515
88150824
88152124
88152831
88152125
88151434
88153932
88151115
88151612
88150603
88152001
88153802
88152302
88153301
88152602
88153003
88150502
88152005
88153902
88152004
88152003
88151903
88153903
88152002
88150503
88151204
88150302
88153002
88154003
88150702
88152101
88153701
88150737
88152645
88152440
88150436
88152643
88152248
88150626
88152644
88153048
88153143
88151843
88153742
88150627
88150738
88153221
88150150
88150628
88151652
88151842
88150847
88152540
88152439
88153629
88153050
88153142
88150438
88152250
88152249
88151262
88153220
88152151
88152441
88152442
88153049
88150537
88150437
88153330
88154138
88151651
88153628
88151544
88151261
88153815
88151815
88152414
88153311
88153911
88150710
88150813
88153017
88151516
88153711
88152916
88150317
88150414
88152819
88151614
88152021
88152818
88152023
88153813
88150521
88150210
88151517
88152515
88151819
88154017
88153912
88153509
88151720
88150816
88151411
88151219
88152417
88152715
88150712
88153713
88151118
88151717
88151817
88150812
88152316
88152020
88153018
88151718
88152022
88150518
88152317
88151816
88150519
88151716
88153206
88153712
88150815
88150212
88153814
88153312
88151719
88151007
88151116
88151518
88151117
88151218
88150910
88153313
88152416
88152915
88153609
88153714
88152113
88150119
88151914
88150415
88150118
88152019
88150316
88150211
88153508
88153610
88152115
88151613
88151818
88152114
88150711
88150117
88150814
88150609
88151008
88154018
88152217
88152415
88152817
88150520
88153113
88153404
88152306
88150109
88152606
88152507
88153605
88153808
88152535
88151742
88153522
88151638
88153041
88152044
88152637
88151329
88152934
88151433
88151248
88152733
88153040
88151536
88151744
88152043
88153623
88153415
88152143
88150430
88151247
88150429
88153832
88151246
88152340
88151639
88153928
88151432
88151249
88154031
88151137
88152734
88151942
88151940
88152534
88151330
88151743
88154032
88153325
88150926
88151021
88152536
88150927
88151535
88152638
88152843
88150534
88151941
88151138
88150410
88151111
88152614
88150817
88152219
88153611
88152116
88154001
88153001
88150504
88150418
88150122
88154102
88152218
88151615
88152318
88150911
88154022
88150110
88150707
88153405
88151603
88152222
88153511
88151226
88153116
88153606
88151210
88151405
88152808
88153105
88151004
88151022
88150837
88151250
88153933
88151140
88150431
88153801
88152702
88151011
88152619
88154021
88150209
88153709
88152411
88152514
88152216
88151526
88152032
88151729
88151730
88151527
88151318
88153516
88151233
88151932
88151529
88152128
88150830
88154027
88153725
88153724
88150717
88151623
88150424
88152328
88151228
88152424
88151726
88150718
88150217
88153919
88152123
88150423
88151316
88151727
88153118
88150218
88150324
88153514
88151825
88152422
88150512
88153212
88150833
88151238
88153926
88150142
88152844
88152527
88151621
88151314
88152521
88153410
88150129
88153821
88151121
88152722
88153820
88152721
88151922
88154120
88153317
88151122
88151417
88150322
88150619
88152732
88152720
88153208
88150705
88151906
88153726
88150426
88152231
88153126
88151323
88151422
88153614
88152035
88152628
88152838
88152129
88150920
88152923
88154126
88153925
88151630
88153034
88154125
88153032
88151424
88153125
88152331
88154028
88150326
88153829
88152430
88151325
88152839
88150919
88152629
88152926
88153519
88153122
88151632
88150615
88153213
88152529
88153828
88152332
88153924
88152134
88150526
88151935
88153518
88151236
88150141
88152131
88150224
88151129
88154127
88153414
88152130
88152132
88151828
88151014
88153033
88151732
88151130
88154029
88152627
88150136
88150921
88152928
88152034
88153128
88152232
88153923
88150137
88153127
88152429
88151629
88152840
88152924
88151530
88152528
88151237
88151015
88152925
88153123
88150527
88150528
88152837
88150223
88151735
88150138
88151235
88151324
88152133
88150832
88152229
88151128
88151532
88152135
88151733
88153616
88151631
88150614
88152630
88151734
88152230
88150831
88154124
88153124
88152036
88152927
88151628
88151933
88151934
88153615
88150140
88153827
88150222
88150139
88153036
88150720
88153035
88150225
88151531
88151234
88151423
88151127
88151322
88152626
88152539
88153320
88152836
88151320
PT151801
88151321
88152724
88152327
88150525
88153918
88153025
88151229
88153319
88153719
88152829
88150134
88153119
88152830
88152525
88153318
88150612
88151824
88150716
88152723
88152827
88154005
88150105
88153601
88152404
88154106
88154107
88152704
88152205
88150905
88151258
88152050
88150734
88151931
88152228
88150903
88151110
88154007
88151309
88151609
88152107
88152322
88152428
88151920
88150715
88154020
88152320
88151723
88153316
88151120
88152519
88151823
88153135
88153831
88151748
88151946
88150309
88153608
88152210
88152811
88152719
88151921
88151724
88153133
88150328
88152932
88154011
88151408
88152409
88153707
88153307
88152109
88154012
88150116
88150411
88153507
88151310
88151409
88150514
88153907
88151214
88152612
88154111
88152410
88151714
88153010
88153811
88151610
88150313
88152139
88153417
88153513
88153411
88150135
88153027
88150613
88150825
88154023
88151232
88151416
88153917
88152121
88152909
88152508
88153607
88151107
88153203
88152104
88151707
88153720
88153512
88153819
88150406
88151808
88154006
88152609
88152209
88153905
88150606
88150113
88153106
88152208
88152511
88153306
88150510
88151601
88150706
88151706
88153604
88151602
88151507
88150108
88153505
88152406
88150909
88150809
88153310
88153016
88150810
88152914
88151514
88153710
88150811
88153015
88152714
88152523
88151123
88152401
88154101
88154002
88150803
88150901
88151902
88153901
88151402
88150401
88151203
88152601
88150602
88150501
88150228
88150330
88152239
88152042
88150227
88150726
88150331
88151020
88152141
88150229
88151101
88154133
88153217
88151332
88152845
88150838
88151435
88153934
88152145
88151945
88151539
88150106
88151114
88150709
88151244
88150924
88152435
88151637
88151243
88150925
88153216
88152532
88150725
88151136
88152533
88153521
88153621
88150339
88153921
88151929
88153030
88151241
88151132
88150428
88153729
88152138
88152531
88152922
88153413
88150829
88153031
88152010
88150310
88150301
88150203
88152307
88150204
88152105
88151112
88151811
88153708
88153112
88151947
88151649
88153528
88152641
88152642
88152437
88153739
88153218
88153626
88151750
88151336
88150932
88150435
88151335
88150624
88152247
88151648
88150844
88152343
88150434
88152245
88151751
88152246
88152849
88152938
88152344
88153140
88151259
88151217
88152040
88151201
88150802
88150601
88150701
88150202
88151403
88152806
88153504
88152907
88153303
88153806
88150723
88151133
88150721
88153826
88150216
88150524
88151315
88152325
88152622
88152423
88152225
88152326
88151951
88152445
88151952
88153331
88152851
88151024
88151260
88151149
88153627
88151949
88151839
88151752
88151948
88153219
88152214
88150312
88150511
88152213
88151910
88150807
88150205
88151213
88153009
88152014
88150708
88153506
88151810
88150311
88152408
88154008
88151712
88150408
88151312
88150608
88151715
88153406
88154016
88151814
88152816
88152315
88151515
88153407
88153740
88151753
88153328
88152741
88151125
88152825
88151622
88151124
88150215
88150421
88150133
88152122
88150323
88153117
88152223
88151923
88150132
88153134
88150146
88151431
88153716
88150915
88150819
88152822
88153023
88152518
88153022
88152617
88150420
88151918
88152420
88153315
88153715
88152220
88151619
88150214
88151223
88151119
88151618
PT151601
88151224
88151803
88150305
88150103
88153401
88151904
88150306
88151104
88153904
88151001
88153201
88152803
88153005
88151801
88151302
88151501
88152303
88154004
88152603
PT150801
88152304
88154105
88151301
88153804
88153302
88151702
88150604
88152902
88153103
88152901
88151207
88152204
88151103
88151205
88152203
88150303
88150703
88152801
88153502
88153803
88150704
88154103
88152202
88151502
88152403
88150304
88153503
88152201
88150902
88151002
88151804
88151206
88151701
88150402
88153702
88152604
88153703
88151102
88151303
88153202
88152402
88152804
88150102
88154104
88151802
88152802
88150201
88150104
88152006
88151905
88150307
88150505
88153004
88153102
88151420
88152835
88150221
88151319
88151627
88150325
88152526
88151421
88150729
88152513
88151006
88152431
88153727
88152709
88150607
88151713
88150409
88152611
88150808
88150907
88154110
88152012
88151607
88152708
88152512
88151711
88153906
88152106
88152812
88153108
88152013
88152211
88151809
88150906
88150407
88152309
88152813
88152011
88152312
88153205
88152311
88153810
88152212
88152310
88151608
88152610
88151741
88151327
88154131
88151328
88151313
88152221
88150126
88151521
88150820
88151520
88151919
88151414
88152027
88153818
88153613
88154118
88151415
88152718
88151010
88152618
88150822
88152621
88151509
88152810
88152308
88152910
88153305
88151307
88152510
88152911
88151308
88152912
88153204
88151710
88150112
88152207
88151406
88151936
88153830
88151425
88152136
88151131
88154128
88153130
88151016
88152729
88153129
88150714
88152616
88150319
88152701
88152502
88153501
88150412
88150314
88153308
88152112
88153908
88151311
88151005
88153909
88150515
88152110
88151216
88153110
88151510
88151913
88151215
88153111
88150208
88151113
88152111
88152015
88152018
88151222
88151212
88151407
88152707
88151909
88153107
06150201
06150301
06150101
06150421
06150318
06150204
06150207
06150107
06150403
06150105
06150404
06150113
06150410
06150411
06150214
06150215
06150322
06150126
06150216
91151603
06150109
06150307
06150110
06150413
06150121
06150115
06150313
06150312
06150314
06150210
06150315
06150130
06150220
06150319
06150304
06150402
06150125
06150323
06150324
06150306
06150206
06150205
06150309
06150208
06150112
06150111
06150310
06150409
06150408
06150406
06150209
06150407
06150311
06150213
06150129
06150211
06150405
06150412
06150114
06150127
06150103
06150303
06150202
06150401
06150203
06150104
06150106
06150305
06150131
06150419
06150124
06150308
06150212
06150418
06150422
06150325
06150423
06150328
06150132
06150217
06150327
06150128
06150221
06150420
06150123
06150122
06150119
06150120
06150321
06150219
06150108
06150415
06150414
06150316
06150117
06150416
06150116
06150317
06150118
06150417
06150326
06150218
06150302
06150102
22150308
22150307
201501001
201501024
201501027
22150901
22150207
22150711
22150510
22151902
22150511
22150619
22150517
22150720
22150218
22150518
22150115
22150224
22150735
22150232
22150532
22150929
22150610
22150905
22150106
22150508
22150932
22150645
201501009
22150512
22150812
22151008
22150712
22150209
22150210
22150813
22151903
22150513
22150815
22150814
22150211
22151904
22150614
22150516
201501016
201501003
22151021
22150305
22150811
22150613
22150128
22150636
22150606
22151901
22150708
22150707
22150607
22150304
22150507
22150105
22150506
22150206
22150107
201501013
201501004
201501023
22151007
22150809
22150618
22150313
22150314
22150114
22150719
22150818
201501010
22150730
22150325
22150731
22151915
22151916
22151917
22150527
22150824
22151918
22150634
22150226
22150635
22150923
22150235
22150236
22150332
22150237
22150829
22150737
22151928
22150336
22151025
201501012
201501006
22150640
22151923
22150927
22150231
22150327
22150638
22151921
22150108
22150909
22150816
22150713
201501022
22150324
22150721
22150914
22150103
22151032
22150104
201501025
201501008
22150935
201501026
201501014
22150316
22151010
22150621
22150623
22150622
22150117
22150624
22150118
22151012
22150627
22151011
22150625
22151013
22150521
22150220
22150723
22150915
22150219
22150722
22150724
22150522
22150936
22150736
22151925
22150329
22151926
22150643
22150931
22150533
22150233
22150133
22150741
22150652
22150937
22150505
22150130
22150926
22150126
22150323
22150647
22150832
22150334
22150239
22151036
22150541
22150706
22150509
22150612
22150810
22150906
22150208
22150110
22150910
22151907
22151906
22150911
22150310
22150514
22150311
22150109
22150716
22150912
22150717
22150214
22150215
22150111
22151009
22150817
22150113
22151908
22150312
22150718
22150216
22150112
22150729
22150728
22151914
22150125
22150633
22150823
22151024
22150921
22150738
22150335
22150238
22150831
22150322
22150234
22150644
22150611
22150504
22150808
22150807
22150212
22150519
22150913
22150820
22150520
22150620
22150819
22150835
22150544
22150145
22150146
201501007
22150328
22150230
22150229
201501020
22150137
22150143
22150306
22150602
22150203
22150903
22150604
22150701
22150502
22150204
22151002
22151004
22150301
22150302
22150202
22150804
22150303
22150703
22150702
22150503
22150802
22150803
22150805
22150806
22150705
22151005
22150102
22150101
22150704
22150603
22150501
22151003
22150605
201501005
22150213
22150609
22150709
22150710
22150537
22150904
22150608
22150639
22150540
22150338
22150240
22150538
22150241
22150526
22151905
22150144
22150142
22150341
22150827
22151909
22150515
22150217
22150529
22150732
22150733
22150715
22150615
22150616
22150309
22150617
22151023
22151913
22151022
22151033
22150739
22150646
31151019
22151034
22150539
22151037
22150138
22150242
22150139
22150340
22150140
22150243
22150650
22151038
22150651
22151028
22150833
22150907
22150908
22150649
22150339
22150648
22150740
22150542
22150141
22150834
22151922
22151920
22150129
22150925
22150637
22151027
22150326
22150227
22150205
22151006
22150315
22151912
22150116
22150922
22151026
22150528
22150127
22150924
22150825
22150933
22150534
22150535
22151029
22150225
22150734
22150228
22150132
22150337
22150826
201501011
22150122
22151018
22150725
201501015
22150630
22150629
201501018
201501028
201501021
201501017
201501019
22150628
22151017
22150318
22151016
201501002
22150222
22150523
22150119
22150221
22150120
22150317
22150121
22151014
22151015
22150223
22150821
22150916
22151019
22150524
22150917
22151020
22150321
22150123
22150919
22150631
22150124
22150320
22151911
22150632
22150726
22150920
22150918
22151910
22150319
22150727
22150525
22150822
22150934
22150930
22151035
22151919
22150131
22150642
22151924
22150641
22150531
22150530
22150928
22150543
22150902
22150201
22150801
22150601
22151001
22150330
22151927
22150331
22150828
22150836
22150147
22151930
22151929
22150714
22150135
22150136
22150333
22150830
22151030
22151031
22150536
22150134
82150904