S10455019
S10455026
20040301
09040701
23040201
07040501
14040301
18042501
18041701
06040701
01040601
03040501
09040202
06040601
14040701
16040401
08040101
14041001
09040703
21040401
09040801
11040102
08040201
14040401
12040201
01040602
05040601
09040702
08040401
15040301
01040603
09040501
22040601
07040602
18041001
08040301
14040101
18042101
10040201
12040601
16040402
10040101
05040201
18041601
05040501
07040601
06040201
02040401
17040101
08040202
18040101
20040401
06040301
14040801
18041002
03040301
07040302
08040103
22040101
18041501
09040601
07040604
04040201
14041002
01040301
18040702
14040702
17040103
20040403
21040107
07040706
09040613
07040608
14040804
03040204
23040105
22040215
01040306
12040308
17040212
07040615
18040116
21040806
18040607
18040416
08040115
04040108
14040208
11040117
07040511
08040114
08040411
18041320
01040613
09040820
03040206
03040313
03040205
04040212
18042007
14040607
06040110
02040208
18042808
03040411
05040609
09040515
18041011
14040206
18040701
05040301
17040102
18040102
09040402
14040601
14040201
18040501
08040102
21040601
01040101
18041201
17040201
14040901
06040801
05040502
17040202
14041003
18042801
07040603
05040202
03040401
09040705
11040104
01040102
09040503
07040702
03040407
15040314
18040414
01040507
16040410
02040110
22040506
12040504
09040721
15040315
09040409
18042711
07040308
18042710
15040109
12041015
18041108
12041016
02040505
05040410
01040115
18040915
05040307
10040306
08040217
11040118
09040526
18042714
18040214
13040209
12040309
06040112
18042814
08040218
18042513
20040214
09040724
21040605
18041809
21040408
22040217
08040320
14040410
12040403
17040124
02040509
16040511
21040409
18042608
22040303
18042609
21040410
18041612
17040125
20040318
16040416
06040615
08040321
08040219
11040204
12040908
15040323
18042412
08040322
08040220
08040323
12040607
15040409
09040629
07040108
15040322
14040614
10040209
14040310
20040430
21040324
21040424
12040219
06040228
09040141
21040919
15040135
12040220
22040311
05040518
07040521
05040325
20040338
13040223
06040229
16040327
09040746
10040423
02040522
08040239
03040327
18042528
18042124
16040720
08040347
16040122
13040224
08040346
10040120
13040327
09040747
21040819
21040925
23040117
16040433
07040425
18040133
18040431
09040571
07040426
10040219
18040828
05040519
17040159
16040226
10040220
20040352
12040933
18040239
05040431
18040839
18041444
18042606
17040176
14040605
16040705
15040104
14040609
11040305
08040317
20040207
23040115
20040141
13040309
05040608
13040310
09040114
14040710
18042509
09040308
18042008
18040507
08040209
18041009
03040408
17040110
14041008
16040503
15040105
18040306
18041506
13040205
12041009
06040107
09040716
02040304
12040706
18041321
18042531
18042733
10040317
18042625
16040333
01040318
21040522
23040232
13040332
09040401
07040701
09040203
16040508
18041211
21040306
09040517
09040516
12040605
05040701
01040504
18040511
16040105
18041315
01040411
17040116
23040206
09040406
02040407
10040303
14040718
14040608
22040106
08040314
21040109
18040604
14040907
16040308
14040307
03040203
21040110
10040206
08040111
23040102
21040309
08040112
16040207
18042809
12040907
06040312
21040308
17040115
16040408
21040206
06040206
18042308
09040311
12040208
04040208
18040212
22040503
01040505
11040304
14041010
20040313
14040909
18040805
18040708
15040107
12040207
14040105
14040717
21040307
18040113
18042131
07040707
03040510
02040108
09040310
08040110
15040156
09040718
10040509
02040409
13040108
22040211
09040408
18042309
22040210
18042409
08040316
18040413
18041708
10040204
12040503
21040108
01040506
21040207
17040209
18041805
07040612
18042310
05040507
18041212
05040102
18041608
09040118
15040206
21040505
05040611
09040719
18040804
20040108
18040310
11040113
10040510
13040312
16040310
11040114
14040207
09040119
07040208
14040306
22040603
22040105
23040101
20040210
08040315
17040118
01040608
12041014
09040407
10040511
18040309
18040707
01040503
18041014
18040412
18042110
18041806
13040406
09040518
08040408
14040908
21040310
03040512
07040307
07040410
22040213
18040512
18042013
01040609
18041807
18041709
18042605
15040108
08040409
09040312
07040508
07040409
15040313
21040111
18041015
21040804
16040309
03040511
20040209
06040403
09040620
14040719
09040519
18040213
15040405
01040410
02040209
03040412
07040306
07040611
17040208
22040212
18040910
22040108
18042810
22040504
01040206
20040211
12040106
20040312
03040106
12041013
07040708
18041609
17040117
06040807
09040622
16040507
07040509
14040308
16040409
09040619
14041011
18042410
09040720
05040405
06040311
08040214
16040106
22040505
07040209
18042012
12041012
09040621
18041016
02040408
10040205
18042709
16040208
02040109
09040618
18042208
16040311
18040311
05040103
08040327
04040110
08040208
15040205
16040405
21040702
05040206
15040403
06040106
15040309
13040308
14040606
18042807
04040105
01040110
14040716
01040409
16040307
05040610
05040207
18041013
07040507
14040715
18041906
18042708
02040306
18040510
18041012
03040308
01040304
21040703
20040107
16040220
06040222
14040925
07040635
07040316
22040124
04040228
21040518
21040125
10040216
18040722
23040113
15040223
16040121
18040427
21040223
06040413
11040301
07040401
09040704
13040201
13040301
09040709
15040303
21040902
21040201
18042701
18040903
09040204
16040501
09040710
07040102
21040903
18041406
06040105
04040205
14040204
14041009
23040204
13040104
14040709
02040405
20040405
10040405
11040112
15040103
08040207
21040503
16040305
18040409
18042204
23040205
18041507
09040113
12040809
10040103
05040402
09040612
18041706
18040506
03040508
12040904
22040103
07040104
09040813
18042508
18041405
17040207
07040303
17040206
12040205
18041008
15040310
10040407
21040404
08040405
01040607
17040111
13040105
14040805
05040303
09040511
18041209
18040704
21040603
09040717
08040210
18040107
06040202
06040806
12040206
10040406
18041605
15040311
09040510
22040104
07040207
22040214
14040309
08040508
18040115
12040802
13040408
18042312
09040624
23040207
18040806
18041110
08040318
04040107
17040120
18042313
18041314
02040107
08040509
18041316
14040721
18041017
02040307
08040215
18041712
10040512
22040404
18041215
01040113
18040313
10040207
21040506
09040522
02040112
17040121
14040406
10040208
05040407
18040515
14040312
01040615
23040215
07040713
11040123
06040510
13040412
01040513
09040826
09040129
18040918
14040311
23040108
05040108
16040513
06040622
14040109
08040414
18041327
16040514
18041933
16040109
21040807
21040808
18042615
01040121
18040917
15040117
03040114
09040131
21040213
14040726
09040210
18040811
13040116
06040117
14040313
14040725
20040326
09040638
15040213
06040711
03040418
09040539
08040119
18041116
12040213
01040512
21040705
02040120
21040511
02040121
09040130
18040319
18041328
01040420
14040314
13040413
18041118
04040112
14040915
18040715
01040120
08040223
21040913
01040210
06040118
09040128
07040620
20040121
01040419
01040122
16040607
13040316
15040214
10040310
08040415
12040214
02040214
18042416
18041226
14040620
13040117
18040221
18040610
09040416
15040333
02040119
18041515
09040639
18042214
18041117
01040309
18042213
18040611
10040414
02040122
14040110
20040216
07040714
09040640
18040222
11040124
11040308
09040540
06040813
05040612
18040320
16040315
13040213
07040621
01040211
20040217
09040731
02040415
04040220
18042425
09040221
18041335
07040634
16040717
04040226
12041024
21040220
12040316
01040126
09040839
18042726
22040520
21040813
10040116
13040221
07040633
23040223
09040649
06040625
09040739
08040129
15040344
21040418
20040431
22040613
17040148
17040147
04040224
18040943
09040137
12041023
08040237
18041030
14040216
09040558
01040625
06040718
07040222
07040120
12040508
15040222
07040424
14040737
18042526
18042725
14040738
09040745
13040424
14041022
01040706
05040418
18041620
08040132
09040222
03040213
06040221
21040616
07040315
22040612
08040343
18042523
15040347
06040626
13040322
05040706
09040741
09040742
14040739
03040423
16040426
09040744
09040557
14040819
21040221
11040129
09040555
04040227
18040523
18040326
03040121
22040123
17040143
07040223
08040130
16040621
09040653
12040317
18042325
01040127
09040740
18041734
14040416
01040316
07040722
06040220
02040520
01040626
18041336
23040224
18042120
15040127
08040344
06040127
18040721
14040924
15040346
17040144
12040924
06040517
05040219
07040121
21040419
18040327
13040125
15040128
07040122
21040420
15040345
02040221
05040218
18042524
05040216
01040624
09040651
08040423
09040652
17040145
18042727
23040225
09040326
18041919
21040222
14040818
09040650
17040220
18041733
18041337
18040325
18042426
15040348
18042021
21040124
05040217
09040135
09040743
09040136
05040517
08040131
07040224
18040927
01040315
09040556
23040222
18041127
13040323
21040516
03040324
16040524
05040323
05040112
14040817
10040215
21040918
18040226
18042525
15040417
21040425
09040142
18040726
10040424
18042734
13040131
18040233
01040319
07040228
12040717
14040423
10040222
03040331
20040434
07040227
07040524
06040633
02040135
01040132
18042326
07040525
18042126
21040926
18042430
03040127
07040726
16040227
20040343
18042735
13040132
16040723
01040636
18041741
07040319
21040429
22040131
07040125
14040748
08040153
14040753
21040234
22040237
12040620
14041026
15040360
18041238
11040143
18040728
13040133
07040322
21040329
07040321
12040120
16040624
15040361
06040135
22040313
18041744
09040854
20040239
08040521
18042434
23040234
13040231
21040626
02040320
04040235
15040422
23040121
18041436
22040233
07040231
09040579
16040724
17040163
06040637
21040820
16040725
18041437
02040318
03040126
09040574
15040142
18041821
16040328
08040240
09040424
09040565
12040511
11040133
01040222
06040129
01040629
09040564
04040229
17040153
12040615
03040122
16040525
06040328
01040711
06040629
15040350
18042730
16040329
21040519
11040313
22040127
18042828
08040137
23040230
21040920
07040124
09040144
11040134
18041923
16040330
20040433
08040241
18042827
21040618
13040225
01040628
11040208
12040616
18041233
15040352
18040824
18041819
08040519
22040414
18040429
12040927
13040328
18041737
09040567
16040526
01040523
08040138
20040140
02040130
02040129
01040522
06040230
15040351
08040520
06040415
01040129
09040566
21040921
01040712
22040128
09040845
18040825
18041032
09040333
06040234
17040164
02040314
11040135
17040154
09040568
11040155
05040203
18042802
09040502
12040301
13040102
18041202
20040201
02040301
01040207
03040513
06040314
18041112
15040319
16040107
01040611
18040415
08040410
13040208
22040605
04040210
14040408
10040410
01040413
03040312
18041715
07040309
06040208
07040709
21040704
16040510
14040613
09040208
02040113
09040818
13040112
18040514
06040111
14040611
07040710
22040509
09040313
05040305
10040411
18041714
10040409
12040705
10040106
16040603
09040627
09040314
14040106
03040515
15040112
06040614
18040606
12040505
18040315
21040311
15040209
20040315
15040210
15040320
18041319
01040508
23040208
18042813
07040412
13040111
09040819
23040209
10040513
01040612
09040525
05040306
16040108
18041511
17040122
14040409
16040210
18041510
14041012
20040316
17040123
13040110
09040122
14040911
21040805
06040506
05040508
01040414
06040405
07040614
18040314
09040524
18040605
14041013
06040209
14040612
18041716
01040114
18041019
16040415
09040628
03040514
13040222
13040127
18042428
15040418
21040323
10040523
18040228
18041428
06040627
01040219
16040428
07040723
15040131
15040132
01040520
13040128
08040134
06040518
10040218
16040221
08040345
11040132
01040427
16040326
18040428
09040560
04040119
03040425
09040659
14040418
14040929
09040140
02040420
06040226
20040432
15040419
16040325
18041031
21040814
09040842
14040632
02040506
16040516
18041614
17040132
14040316
20040218
18041911
18040919
18042317
16040709
15040216
05040109
13040118
08040332
18042417
18041329
06040713
10040516
05040110
18041024
13040317
22040513
08040511
09040417
18041615
12040913
12040311
06040215
02040217
23040218
06040511
02040123
14040813
10040217
18041817
18041818
11040130
15040130
01040521
09040143
12040320
10040119
01040627
02040521
07040724
01040708
18042301
14041004
12040801
09040711
18042302
09040205
16040102
18042102
01040103
15040201
18041101
16040101
20040304
09040708
20040101
18041102
14040403
02040524
09040685
11040146
08040252
08040416
23040228
08040517
20040138
04040239
02040140
16040441
21040628
21040431
14040935
12040418
10040230
02040231
03040129
18041139
14040639
15040426
13040138
21040826
18041441
18042205
18042009
18040912
12040606
18042311
09040209
07040506
05040324
21040330
01040639
05040335
18040238
20040351
17040228
17040166
20040152
03040429
02040230
08040525
16040130
22040301
18040206
07040510
09040625
05040208
06040808
09040523
18040709
11040116
22040405
16040412
14040727
12040613
18041231
10040422
18042221
09040160
09040429
18040936
09040337
13040215
18040612
15040410
12040409
09040828
17040134
09040217
18040223
16040609
08040227
08040122
23040110
05040315
10040110
14040622
20040330
18042218
18041912
04040221
12040411
18040126
07040515
22040610
18041813
06040217
18042722
12040110
21040610
11040125
18040615
08040336
01040617
14040317
02040124
20040222
12040916
16040517
18041419
21040914
18041913
13040120
09040132
18041616
18042318
21040915
18042017
20040415
08040123
17040133
18042520
12040109
05040702
18040421
18042116
08040512
04040115
08040229
21040214
07040115
08040334
18041725
10040415
14040917
18041420
06040320
05040414
10040111
15040217
06040122
20040417
10040311
16040611
11040206
09040544
14040211
05040615
18040422
21040809
09040545
20040126
20040219
09040215
18040614
06040714
14040623
18042419
22040113
08040228
03040420
06040512
18042521
23040111
07040310
15040335
12040710
16040316
16040111
09040320
16040423
04040114
13040119
14040318
18042818
14040729
20040123
18042114
18041814
06040124
10040419
16040608
08040335
06040216
09040643
14040730
07040219
09040542
11040309
05040317
07040218
12040711
07040626
20040127
18041914
18041027
21040215
18040423
03040118
03040517
17040136
13040416
21040706
05040318
18040613
12040915
07040625
20040329
07040624
18041916
15040339
18040920
10040418
02040218
05040614
22040115
07040116
02040416
17040213
18040718
15040338
01040422
02040510
06040322
18040128
18042321
16040318
08040124
18042018
18041120
18041915
02040219
22040116
13040318
08040337
18040521
14040731
14041017
09040543
18042617
21040317
17040135
16040518
06040513
18042420
16040612
14040919
20040125
07040417
03040119
09040734
18042319
18041028
20040416
13040415
22040411
21040611
14040412
18042115
06040321
09040645
14040625
15040121
09040548
16040319
16040114
15040334
01040516
15040340
09040547
05040703
09040216
18041119
06040716
13040414
18041330
09040735
18040127
16040113
09040218
08040333
18042418
21040414
06040623
03040116
10040517
05040513
01040125
03040117
18041423
11040310
07040312
05040214
18042320
10040312
02040511
20040122
02040125
15040122
15040411
21040217
21040119
07040114
09040736
18041617
12040215
18041026
14040921
10040416
10040417
14040214
06040514
16040710
09040737
13040216
03040319
22040111
20040328
07040623
03040419
03040115
12040507
12040410
18041421
16040317
15040120
16040112
16040610
06040123
18041422
10040112
01040514
20040418
23040219
09040829
04040222
06040125
14041018
14040624
14040213
18040812
01040423
12040917
18040322
18040813
21040120
18040814
16040115
06040715
06040814
09040319
13040319
01040311
07040418
18041228
12040914
14040212
08040125
07040716
09040733
22040114
01040618
05040316
15040337
18040224
20040331
07040220
20040124
21040216
18041917
14040918
14040920
18042618
09040644
21040609
21040316
21040318
22040228
03040320
01040515
13040417
06040323
20040221
10040420
03040318
05040616
21040319
18041121
18040616
12040412
09040830
09040546
09040321
08040230
22040227
18042819
18040815
18042217
01040312
15040218
06040218
02040309
18041025
06040648
08040361
18042539
21040433
16040233
12040621
01040232
21040930
06040827
07040324
18041448
20040441
18042130
16040341
09040166
09040862
02040143
11040150
09040149
18040623
18042328
21040130
06040522
13040229
05040222
06040634
20040144
18042736
06040134
02040136
09040332
20040435
09040852
22040133
05040118
20040344
02040228
18040234
20040436
05040425
17040223
21040624
01040432
10040428
05040330
07040229
07040430
01040133
14040746
18041822
21040710
21040927
07040320
12040322
18041134
16040625
18042024
06040417
10040427
12040416
18041435
12040118
11040142
09040675
18041622
18041823
10040528
10040426
07040431
22040232
15040233
18042532
18041927
21040821
07040727
21040822
08040246
12040930
09040578
18042737
08040247
09040152
12040619
07040230
17040162
18040337
21040625
22040132
16040334
18042026
18042226
10040425
01040716
18041235
13040230
14040821
12040119
09040753
22040619
18040135
10040320
18042431
12041028
18041236
14040217
06040636
06040635
10040429
18041135
09040674
01040431
18042025
07040126
06040133
14040635
15040143
09040151
14040745
21040131
02040525
20040437
18041824
10040223
18040831
05040119
01040322
05040619
08040426
23040120
18042738
14041028
09040671
09040150
01040321
12040811
09040676
17040161
05040711
18040727
08040146
18042433
08040145
09040228
18041926
18042834
18041743
01040637
09040227
05040426
02040427
15040144
18041623
01040320
16040125
18040830
09040575
05040331
18041035
08040352
08040522
17040224
02040319
18041742
15040423
08040353
17040160
18040529
18041342
09040577
07040526
03040332
18041237
05040332
18042432
20040145
09040672
02040426
03040333
05040223
21040228
10040124
07040728
09040673
18042227
08040248
12040515
12040718
09040576
23040233
14040822
03040334
18041434
10040224
23040216
18040620
18040723
10040232
23040239
04040241
18042840
18042706
18041415
18041216
07040107
06040507
21040209
15040321
17040210
18041611
14040723
07040210
09040411
05040409
21040908
18042411
18040937
18040138
20040244
09040587
07040640
08040430
03040221
16040346
18041148
18041349
03040525
18042030
05040226
18041350
09040339
16040450
03040349
09040170
06040143
20040361
18041248
06040336
16040236
01040235
01040330
18040941
18041754
15040430
21040531
18041832
15040376
15040377
10040326
18041755
05040339
22040240
21040235
08040434
17040232
08040433
22040140
13040139
01040329
18041531
01040646
18040942
10040439
07040235
22040139
06040242
16040137
15040378
20040360
02040528
09040865
08040238
02040223
20040419
18041230
08040518
21040517
12040509
21040922
12040304
13040429
06040103
14040203
18041803
15040307
18042507
20040105
02040404
06040609
06040504
03040305
12040903
06040402
21040304
18042405
09040112
09040611
05040505
18042202
18040603
11040111
16040404
06040326
13040325
02040132
10040524
16040432
09040847
18041519
15040138
18042731
11040137
02040225
02040316
13040330
12040808
12041027
16040431
21040127
21040707
09040223
18042829
20040230
20040420
09040838
22040309
20040231
18040928
01040710
06040628
20040232
21040422
18041129
18040524
12040121
14041029
05040521
23040127
07040132
13040342
14040712
18042511
05040122
01040230
09040588
18041343
15040236
03040342
18042536
05040337
15040424
21040827
18040139
16040538
08040526
06040644
18041524
18040338
16040632
06040138
16040537
16040633
16040131
18040938
22040620
12040719
20040153
08040528
10040436
08040527
18040838
13040337
08040154
17040167
07040641
06040643
01040640
02040326
06040825
18042837
06040729
10040128
14040750
06040333
06040646
08040431
17040229
18041930
06040645
18040837
14040751
09040686
18041931
18041038
09040161
16040230
07040530
18040629
09040759
18040434
06040647
23040128
18040437
08040357
18041140
21040629
02040142
18040705
12040702
06040203
18040110
04040103
18040109
06040308
12040104
17040113
18040111
02040305
03040306
18041010
01040205
06040809
08040310
16040406
16040204
13040106
18042011
18041409
12040905
06040108
10040104
14041014
09040405
09040513
03040410
18042306
06040204
07040304
12040105
08040212
16040306
07040610
06040310
08040211
18042406
18040207
12040604
18042207
18041408
18040108
10040105
11040202
18042010
18042601
01040407
18040210
09040115
18041804
06040611
10040302
18040909
09040617
18041313
15040406
18040112
20040409
17040114
09040309
06040810
07040711
07040408
10040514
10040408
02040106
21040909
05040403
15040312
16040205
21040604
07040106
14040104
20040408
13040311
18042407
13040107
22040208
14040906
18041607
12040402
20040311
18040803
18041310
01040406
02040406
18040706
18040308
16040706
18041606
01040408
20040208
02040207
09040814
18042707
15040407
09040514
07040305
18042602
09040117
20040410
03040409
18040209
16040504
03040104
16040206
01040108
18041411
20040411
21040406
20040412
18040509
08040510
18040211
12040703
18041412
16040506
18042307
16040505
02040105
18040208
04040207
03040105
10040515
18040411
21040305
20040106
06040610
06040811
08040109
08040213
14040905
04040104
18041311
05040506
04040206
18040410
16040604
06040309
06040205
18042408
09040815
22040302
13040206
12041011
03040307
18041312
09040616
06040706
01040109
10040203
18041410
14040205
14040713
08040407
11040303
05040404
09040116
06040109
12040906
14040305
07040105
16040605
18042603
01040705
16040521
09040420
23040221
22040515
16040320
07040519
12040921
09040835
18041918
16040711
12040315
07040421
02040513
18040618
06040219
08040340
05040516
10040518
20040130
21040514
13040420
11040207
07040717
14040734
09040421
11040127
18041124
07040629
13040219
20040133
22040412
20040225
13040320
16040613
01040621
07040118
14040923
18042424
21040416
06040411
16040118
07040631
12040114
01040425
09040553
18042620
18042542
07040423
05040417
04040117
18041125
07040422
22040516
17040214
18041731
20040229
20040226
20040134
20040336
13040419
08040418
12040314
21040614
21040123
17040139
21040320
13040218
17040215
21040615
22040120
22040517
13040124
02040128
18040720
20040131
16040323
02040512
21040415
16040218
05040416
07040420
12040115
22040518
07040518
17040138
09040551
13040421
14040735
13040422
01040217
16040614
18041732
16040119
20040422
03040519
12040714
09040647
11040128
09040836
17040140
20040136
10040519
10040520
20040423
18040944
18042119
09040646
20040421
02040312
03040322
08040341
04040116
01040518
14040320
07040632
17040216
18040130
20040228
12040919
18042522
15040342
18040818
08040234
01040622
18040425
08040235
07040119
18040925
14040415
01040314
16040523
18040926
18041729
02040313
16040425
18040225
18040424
15040126
18042020
10040115
14040215
13040220
15040412
05040321
18041816
16040322
09040837
18040426
18040522
16040321
08040419
16040117
16040216
18040819
09040552
18041426
01040313
18041029
03040422
13040122
12041022
21040321
07040221
12040804
07040517
18041334
16040219
12040920
18042822
13040321
08040236
09040834
14040414
17040142
16040615
08040128
03040323
18040619
21040336
05040322
18040131
21040219
20040135
22040307
20040335
05040111
12041021
22040122
16040120
14040321
20040227
09040324
09040554
12040922
04040223
09040833
16040217
21040322
12040414
18042324
16040616
18041815
09040323
12040713
07040630
08040422
17040141
21040417
18041333
14040736
18042323
18040324
15040220
22040121
13040123
15040221
14040816
18042219
06040412
18040820
20040132
09040648
08040421
08040420
18040132
17040217
09040134
22040519
06040410
02040417
07040718
01040623
15040343
02040514
01040426
18041126
09040418
13040418
02040220
02040310
12040313
11040126
18041726
18042421
12040216
14040814
20040332
16040519
18042820
14040922
12040111
05040215
14040626
08040319
14040627
20040224
18042619
18042422
18041331
07040313
18041229
23040112
16040520
15040414
14040732
18041123
06040717
09040549
13040121
18042322
14040319
15040125
22040117
12040712
09040831
08040126
01040517
18040817
09040419
20040334
18041727
12040113
08040339
03040120
18042821
18041424
05040515
12040112
05040704
22040229
21040218
14040413
18042117
21040122
20040129
17040218
09040738
14040630
03040212
20040128
17040219
16040424
07040719
12040217
03040421
22040119
20040425
09040832
21040613
07040419
08040232
22040231
09040219
02040515
18040129
03040518
01040215
12040918
22040230
06040516
18040617
09040133
10040214
18040924
15040413
06040515
18041332
05040320
07040627
18042723
18040923
10040113
14040628
20040424
10040421
15040123
22040306
15040124
14040629
01040424
01040620
02040126
05040319
22040118
08040417
05040514
06040325
18040816
08040513
16040116
02040516
12040413
07040628
22040514
20040223
18040719
18040922
14040733
09040220
18042118
05040705
02040127
23040220
05040415
06040324
03040211
18041618
07040117
14040815
01040216
18041728
18041425
08040233
18042423
01040619
10040522
12040612
02040517
09040550
07040516
06040624
10040114
07040314
13040324
18041517
18042825
15040349
15040133
09040657
09040656
09040658
14040928
05040708
18041429
14041023
16040429
01040128
18041430
10040314
05040113
22040616
22040617
12040807
16040622
02040131
18041431
06040231
17040155
15040226
01040630
09040678
16040435
14040218
09040229
18042435
10040225
13040334
03040216
03040341
16040442
21040432
16040229
05040336
12040123
18040836
05040621
07040323
01040327
15040367
07040432
21040711
03040130
18042437
11040147
09040586
18041747
14040749
10040438
01040434
18041629
14041033
08040258
04040133
07040135
18042622
06040128
08040133
22040125
03040326
21040815
22040413
01040709
18041921
15040134
11040131
22040521
14040323
16040626
09040153
06040332
06040136
03040520
08040147
16040726
05040620
10040226
06040724
05040712
18042835
10040321
18041438
01040638
20040346
05040427
08040148
02040507
14040714
08040312
18042604
16040407
02040403
09040610
03040202
18040602
18041107
21040303
18041309
12041007
18041308
15040380
18041307
21040204
01040302
15040306
07040206
09040812
09040121
12040803
22040406
09040817
02040212
14040407
16040413
14040806
11040203
18041713
07040613
18041509
18041111
01040412
18042209
20040213
21040911
05040408
02040410
01040610
11040306
10040305
16040209
20040112
14040722
18041909
18041318
06040812
16040414
15040318
13040207
03040310
20040413
09040626
08040216
18042210
02040508
18040914
18041317
18041808
23040103
18040913
18041910
15040408
07040514
15040118
05040314
01040123
17040130
16040421
12040108
12040611
07040720
08040224
12040912
18040124
02040308
09040317
18041227
09040318
09040541
23040217
07040416
17040131
06040120
07040217
21040513
18042721
16040422
01040421
05040413
02040215
08040514
14040728
03040317
01040212
22040225
03040209
21040512
08040120
09040212
01040616
14040916
23040109
06040214
08040330
16040515
06040213
18040125
09040641
09040642
16040110
15040119
20040327
08040226
21040810
18040716
22040410
09040732
20040426
06040712
22040226
18040419
09040213
08040225
07040113
14040315
09040214
07040216
18040420
14041019
02040216
15040215
01040310
06040121
01040214
06040319
08040331
03040516
06040119
18041613
18042216
08040121
09040211
05040613
18042817
18040717
18042215
18041418
01040213
18041516
06040409
01040124
18040518
09040827
22040126
08040136
16040721
08040349
05040115
17040152
10040315
09040843
14040741
09040844
07040522
08040348
14040420
12041029
21040331
23040126
22040523
18041932
12040934
05040437
14040428
12040935
12040224
12040419
18041830
04040135
13040237
06040241
18040440
21040529
21040530
18041530
21040436
04040242
12040813
01040435
06040428
04040134
16040542
20040358
15040374
09040597
20040443
08040259
18040842
16040235
07040433
07040532
18042441
16040732
07040133
18041750
05040126
10040134
18041348
15040375
16040135
21040830
18040339
01040328
07040134
08040260
03040524
18041831
09040864
18040244
18041753
14040426
03040346
13040343
16040448
18040733
22040622
05040607
22040224
07040622
18042502
18040301
22040206
09040506
02040103
08040204
14040304
20040203
18041301
18041003
21040701
17040204
21040202
11040201
18042004
17040109
18041305
15040102
18041502
10040402
07040403
08040501
14040102
09040802
20040307
13040402
18041901
09040604
08040504
15040304
12041002
18042001
18042503
07040201
07040703
06040304
14041006
01040201
18040404
18042403
18040504
22040102
16040201
18042505
08040302
15040305
21040802
15040204
01040606
18042804
18041902
20040204
15040203
18042504
18042002
07040404
12040501
12041003
14040704
13040202
14040802
21040103
05040603
09040107
09040602
20040308
21040402
15040202
16040301
07040405
18041302
18041703
02040202
13040203
06040604
07040203
23040202
08040106
20040103
18040205
04040102
21040801
18040802
09040108
21040905
05040101
01040403
08040107
13040303
09040304
10040502
18042201
18041203
18042303
09040712
11040302
18042404
18041504
01040105
21040106
01040202
18040405
15040401
13040304
09040103
06040306
05040605
01040402
11040110
01040203
18040407
18040703
22040402
06040307
18040905
03040506
03040402
14040902
11040108
20040305
10040403
03040303
18042402
18041602
08040503
09040102
18042003
08040403
16040702
17040203
12041004
21040602
22040205
07040502
02040302
21040501
20040202
18041004
16040302
18040203
20040402
18041208
14040803
21040904
07040605
09040106
18041603
16040203
08040306
02040204
09040110
04040202
09040109
18041006
09040806
14040603
09040807
03040507
16040704
10040505
10040504
09040811
07040204
18042806
18041705
12040204
12040203
12040302
06040605
18040505
18040406
07040606
18040302
01040404
13040401
18040801
18042704
18042106
13040307
09040504
05040401
18040202
18041503
05040504
07040704
18042103
03040304
18041704
18041104
18041204
21040203
06040102
08040304
13040305
16040701
14040103
08040305
18042805
05040604
09040608
18041404
09040403
16040403
06040607
09040810
03040406
21040502
20040306
18040906
10040102
12041005
13040403
16040304
15040402
12041006
09040306
08040203
14041005
21040104
17040105
18040503
14041007
18042104
04040203
18041904
11040107
08040307
12040101
05040606
20040102
18040601
08040402
03040504
13040204
18042705
05040205
10040503
09040803
14040302
09040605
03040403
01040104
16040601
09040809
21040302
06040305
18041505
22040602
22040203
14040405
09040301
16040103
21040301
06040502
18041105
21040906
12040701
09040302
07040503
03040404
10040202
09040804
08040502
18041005
08040105
20040104
09040805
06040303
18040904
23040203
18040204
17040106
14040903
01040605
09040606
02040203
09040206
12040202
08040205
03040505
17040107
18042703
07040406
18040303
18042803
07040705
16040202
12040902
12040502
03040103
13040306
09040104
22040204
18041604
18041007
14040706
14040604
18041304
08040505
12040901
18042105
09040607
05040204
18041402
18041306
09040714
01040405
21040105
14040705
02040201
10040404
06040802
18041802
18042702
06040804
18040502
09040305
18042506
22040501
08040404
07040504
18042107
09040715
14040904
18042005
14040708
01040106
01040701
18041205
06040501
22040401
07040202
07040103
14040404
18042304
08040303
06040101
02040501
17040108
18041206
11040109
18040907
06040803
07040407
18040304
11040106
02040502
16040303
18041207
18041106
08040206
18041903
16040703
18041905
09040507
18042305
13040404
09040105
21040803
21040403
13040302
18042006
20040309
06040606
02040402
06040704
09040808
01040702
07040607
18040105
18041403
03040201
18040408
14040303
13040405
06040805
09040303
10040507
16040502
12040303
09040307
06040608
04040204
18040305
18040106
18041351
09040505
01040107
17040174
09040404
14040707
12040102
06040503
17040205
09040111
18041401
03040405
18041303
10040506
20040205
09040603
12040602
02040303
16040602
01040303
18040908
18041210
18042510
02040206
12040103
09040207
08040506
14040711
08040406
01040204
12040603
20040310
08040309
22040502
18041707
18042109
21040405
06040705
06040104
13040103
18042108
12041008
12041010
09040615
18042206
18040508
18040307
22040207
13040226
01040223
17040225
13040338
03040218
18041442
20040245
14040936
02040327
13040235
21040929
05040123
09040860
18040436
09040163
07040531
10040525
09040846
18040435
09040590
18041631
06040832
14040642
21040335
22040235
20040406
21040205
07040609
02040504
10040508
17040112
09040614
21040907
21040504
12040305
18041407
15040404
01040704
02040205
09040512
03040509
03040309
02040523
21040428
18041432
04040232
18040527
09040224
21040225
08040139
21040708
18040932
08040350
18042022
18041625
20040347
12040417
21040332
13040335
09040680
17040226
06040523
14040636
08040523
21040524
05040429
03040521
18042739
17040227
04040237
01040225
18041746
14040637
06040524
18040835
06040823
10040228
08040149
15040145
15040146
16040228
23040124
15040427
12040124
18040841
09040168
02040527
18040142
14040825
15040239
20040356
08040432
18040241
06040424
22040238
18040141
18042440
12040520
08040362
06040651
18040533
09040762
18041829
21040134
06040650
05040224
14041031
09040694
18041749
01040533
09040500
05040625
15040152
18041346
20040155
22040136
18042538
10040437
20040246
01040641
03040430
18041443
14040824
18040631
06040730
22040621
18041827
18040531
01040717
20040154
18040633
09040695
22040137
09040435
14040939
16040231
08040254
09040164
05040439
10040233
14040427
15040373
18040439
06040426
08040365
11040154
03040348
08040366
21040114
12041017
12040521
08040363
04040211
20040113
17040211
18040807
01040509
23040104
18042729
21040829
20040442
14040122
06040335
23040240
06040731
06040652
18041627
18042541
02040431
11040211
16040234
18042123
17040151
12040805
20040337
02040419
07040520
15040129
18040330
12040116
17040150
09040841
21040421
12040926
12040516
21040430
03040523
09040428
20040243
18041529
01040644
18041628
09040764
06040427
18042027
13040134
13040427
01040224
13040232
06040235
18040832
12041030
07040637
18040624
14040116
10040227
20040348
22040415
15040219
08040338
18042019
09040322
06040126
18040921
18041122
15040341
21040612
12040312
08040231
03040210
03040321
16040215
21040121
22040129
21040426
06040820
12040928
03040426
18041518
21040427
18040724
15040421
17040156
04040230
16040223
09040146
02040421
20040235
07040725
15040353
15040137
18040230
12041026
18040621
18040826
09040660
01040130
01040713
18040526
18040332
15040420
21040325
16040224
15040136
12040715
05040117
20040339
07040318
15040227
11040136
06040630
18040930
18042222
20040234
06040130
15040228
18040931
04040231
18040333
05040327
14040113
09040661
03040328
08040242
06040232
09040662
18041738
16040722
08040243
17040157
05040422
10040526
09040569
06040821
18040827
21040931
09040169
21040435
18041146
14040219
12040519
18041445
08040308
15040106
18042316
06040509
18040809
18041023
09040538
23040107
01040308
07040415
12040408
11040122
18042614
08040413
04040111
18042518
18040810
11040121
12040709
08040328
06040408
20040120
01040209
02040414
04040219
18042519
14040724
08040329
18041514
09040201
11040101
18040329
14040111
18040227
03040424
16040324
09040655
21040126
18041920
18040821
12040218
18042427
06040224
01040218
10040313
07040123
14040820
18042621
02040418
05040420
09040139
06040225
18041735
10040118
18042122
17040221
18041128
23040227
18042824
21040816
06040414
03040325
09040840
14040417
18041427
05040617
21040923
18041131
06040720
14040112
18040336
01040635
10040435
01040642
02040329
15040150
09040691
09040165
18041142
18042129
23040129
15040369
09040592
04040128
10040130
12040721
07040642
10040129
18040939
09040692
02040429
09040591
08040360
10040323
03040219
14040937
04040127
03040343
22040315
18041446
06040828
14040938
15040370
20040156
09040432
17040169
21040232
21040333
13040340
15040237
01040531
18042230
03040344
18041527
10040324
14041032
20040354
17040230
02040232
20040355
06040421
21040631
09040761
18041244
04040129
01040718
14040425
07040130
05040434
08040255
05040714
02040332
04040240
02040331
02040430
09040594
02040330
06040140
21040233
11040149
03040345
16040340
18042740
07040131
16040729
18042439
06040239
14040640
15040371
07040129
06040423
03040132
09040434
18042741
18041245
16040339
05040715
10040131
18041040
14040327
18042839
07040128
23040130
18041748
18041447
18040840
09040433
06040422
18040140
15040151
16040338
14040752
06040139
09040593
06040334
08040256
16040635
09040861
16040445
16040446
18042630
14040220
17040170
18042631
15040428
18040240
03040431
21040528
05040623
09040230
01040135
09040693
21040527
20040357
18041449
09040335
18041246
14040121
21040434
04040132
20040247
06040831
18040143
18041247
05040124
18041347
02040334
09040437
18041042
05040436
05040125
05040435
22040239
04040131
18042231
18040438
07040325
18042540
08040157
11040153
02040148
02040147
06040141
09040336
17040172
16040136
09040599
14040641
18041752
10040325
15040154
16040449
09040338
18042842
14040755
15040241
13040238
18042633
18041147
16040344
12040420
06040142
09040765
10040135
18040243
18040535
16040637
08040367
18040734
09040598
06040525
07040326
14040124
04040136
09040698
02040336
18042742
01040645
13040430
20040359
08040529
13040344
09040699
16040345
09040596
16040540
16040731
14040120
16040342
09040595
15040153
18041626
05040716
15040155
14041015
15040113
01040633
08040524
01040715
12040415
06040521
09040668
18042125
18041234
07040428
09040850
18040433
20040342
13040426
01040131
06040331
18041621
22040312
07040429
18042833
18041925
03040214
06040632
13040333
10040123
12040810
10040319
18040725
09040670
08040351
08040245
02040317
03040215
21040129
16040530
01040634
18040935
07040523
18040732
11040314
18040635
22040316
10040133
05040338
12041032
04040130
18041144
17040231
03040220
08040257
22040138
09040436
06040830
11040151
18042332
18041103
03040413
20040109
09040521
06040612
09040120
18042811
18042713
18040911
15040316
18040513
14040720
06040207
03040414
09040623
22040109
15040110
09040722
11040115
03040415
21040407
16040509
22040508
18041414
18041213
18042712
14041016
18041413
02040111
01040111
18040312
13040407
15040111
20040212
09040410
09040520
02040210
20040414
09040723
06040404
18042512
07040712
20040314
21040208
18041710
12040306
14040910
18042812
01040112
12040307
17040119
20040110
22040507
21040112
06040613
18041711
18041214
05040304
18041109
21040113
18040114
09040816
18042607
18041907
16040411
04040106
01040305
14040610
15040207
18041610
05040423
09040330
18042832
09040751
15040359
04040123
08040144
08040425
18040829
02040139
09040687
01040529
11040148
18041039
02040328
18041526
09040688
18041345
06040420
03040131
21040526
08040358
05040432
16040730
09040430
01040530
18041344
08040359
12040223
09040689
18041141
21040231
09040690
05040622
16040133
09040431
05040433
18042438
20040353
16040232
21040630
05040525
16040444
18042229
13040339
18040532
15040149
18040242
18041041
16040541
08040364
16040343
17040171
13040423
08040342
14040930
21040619
05040116
18040525
02040315
13040329
16040222
09040328
09040145
05040326
10040527
21040520
16040430
12040617
03040123
14040931
12040618
16040331
18041338
12040221
20040240
06040723
20040146
10040529
18041624
10040430
20040241
14040115
20040345
18042533
14040932
18041033
12040117
18040335
18040334
15040230
02040133
08040141
03040329
18042223
18040430
08040140
21040226
12040222
14040421
16040332
14040634
09040147
04040122
01040524
07040636
15040232
22040618
17040158
09040570
10040121
15040354
18041339
05040220
05040709
15040356
14040742
21040621
16040623
01040631
09040664
03040330
06040131
21040326
14041024
09040425
18040231
18040933
01040317
01040632
04040121
09040665
18041340
18042429
18040622
15040355
10040122
14040633
21040327
02040134
02040226
08040142
21040622
23040116
03040124
16040527
04040120
16040123
09040329
18042529
18042023
14040324
14041025
20040236
08040424
06040822
18042623
09040666
01040428
06040329
15040231
21040709
16040225
05040710
18042530
21040620
15040229
05040618
06040519
06040233
01040719
11040210
06040240
05040225
01040532
01040234
13040109
18041018
03040311
04040209
16040707
18040519
14040621
16040636
07040402
10040401
18040201
16040606
05040406
02040211
15040317
16040708
12040704
09040127
13040212
18040609
18041724
23040213
21040510
20040119
18042415
10040309
18040516
07040414
18041811
12040212
18042113
15040331
14040618
14040811
09040316
22040609
15040212
13040315
02040118
01040614
06040620
04040218
05040313
06040212
07040619
15040332
18042016
12040911
09040730
01040307
05040512
18042720
18041225
18040220
22040409
18042816
14040108
21040315
13040115
18041022
10040109
09040637
18041224
18041417
02040117
23040214
18041223
05040213
06040815
09040537
12040406
08040118
12040407
06040116
23040226
14040322
16040719
06040223
01040519
05040419
18042728
09040654
18042823
12041025
22040615
14040631
22040614
05040707
16040427
12040925
11040312
09040423
20040137
21040224
09040138
17040149
22040310
18042121
10040117
14040926
12040510
09040559
04040118
12040318
13040126
18040328
14040927
18042220
18041736
12040806
14040740
17040222
12040319
20040233
07040427
21040523
20040341
13040228
07040729
01040527
02040424
06040722
02040425
18042224
21040623
09040427
12040513
14040744
15040140
09040331
12040514
05040520
21040928
07040226
18042225
03040125
20040238
20040438
15040157
16040529
14041030
18041820
15040141
22040130
16040727
21040328
16040728
18041521
20040143
18041924
09040667
21040227
14040422
14040114
02040227
21040823
18040232
09040752
16040124
06040425
06040819
21040423
07040317
13040326
09040562
18040331
21040817
15040224
01040220
23040229
09040563
05040114
18041232
18041130
14040419
01040221
15040225
09040561
08040135
06040227
06040327
05040421
18042527
23040114
12040614
07040225
09040327
20040139
21040617
18041922
18040229
18042826
13040227
09040663
21040521
07040730
09040754
15040362
10040125
09040679
23040122
05040333
06040725
13040428
08040249
21040627
03040335
18041137
16040627
18042028
15040235
06040418
03040128
06040824
09040580
18040235
07040232
09040581
11040144
05040522
18040625
05040428
01040433
23040123
18040530
09040154
18040834
10040431
18041745
23040235
18041239
18042628
01040323
10040126
05040120
18041240
18041036
09040334
06040236
20040242
09040755
21040824
15040234
13040135
10040530
01040134
16040628
20040147
06040505
12040209
18040710
06040313
15040208
04040113
03040208
07040215
13040214
14040812
02040224
05040524
02040335
18040534
21040912
20040111
22040604
18042014
10040304
05040412
23040210
18040215
18041113
09040630
10040307
09040413
16040312
07040109
09040528
03040314
08040515
06040707
16040417
01040415
06040406
21040606
18041218
05040411
09040315
18041717
03040107
11040119
09040530
18040117
03040109
18041322
18042610
05040308
17040126
14040615
16040212
18041512
15040114
09040123
10040108
10040308
05040209
05040309
09040725
16040512
09040821
10040107
03040416
18040808
09040822
09040532
18040217
01040117
06040113
09040531
16040211
09040529
20040427
06040616
15040115
09040527
18041718
09040631
18041719
08040412
22040606
18040216
13040313
03040108
18042015
14040616
18040916
20040114
07040413
14040617
06040508
22040219
18042413
18040316
03040110
22040510
06040816
21040115
09040729
18042611
21040811
01040417
05040510
22040607
13040210
16040617
16040713
21040413
15040324
18041325
21040507
06040710
14040807
17040127
20040115
18041720
01040118
02040115
18042612
21040917
12041020
18041220
04040215
02040213
20040322
07040110
12040210
09040726
05040509
14040912
06040115
13040314
06040708
18041324
03040315
21040509
02040411
05040310
18041114
01040416
09040727
07040617
05040210
04040213
02040518
08040221
11040120
23040212
22040223
15040327
18040121
12040404
18040712
22040511
09040728
01040418
18040119
18042613
18042315
18041722
05040311
11040307
08040326
20040116
14040210
09040825
02040116
12041018
03040113
14040411
07040616
21040411
16040213
12040608
20040118
18040219
18041326
09040534
06040114
20040428
08040324
09040414
09040632
20040215
18042516
03040112
02040114
21040210
22040220
16040419
13040113
18042815
21040314
09040634
21040212
22040407
21040116
20040117
10040413
21040412
17040129
21040211
18042514
15040326
23040211
18042719
14041020
05040511
18042314
15040325
09040824
05040312
03040417
18040417
10040412
09040635
21040118
09040636
13040211
07040211
18042111
07040212
03040111
20040323
16040313
06040211
09040125
05040106
11040205
08040116
18041723
06040317
16040715
12040211
05040107
15040416
04040216
22040221
12040405
02040413
16040418
01040511
06040617
18040122
07040512
16040712
06040709
06040315
21040508
09040533
20040429
18040317
15040415
12040707
18041221
09040535
06040618
22040512
18042515
14040808
18041222
21040608
10040211
09040124
16040716
18041323
18040123
07040214
14040809
21040607
22040222
05040105
07040112
05040104
15040211
10040210
08040117
18040714
01040119
18042718
13040409
18042517
22040110
16040619
14040914
03040207
12040506
07040618
09040633
07040213
09040536
12040708
18040418
21040916
18041021
03040316
01040510
22040408
02040519
13040410
14040810
01040208
18042716
18041513
16040314
15040116
09040823
06040316
05040211
17040128
18041721
12040910
18040711
18040218
18041416
12040909
21040812
06040407
18040713
12040609
04040109
16040420
08040516
12040610
14041021
12041019
06040619
10040212
04040214
14040209
18042212
18042715
13040114
05040212
14040913
04040217
18042717
15040328
22040304
21040117
06040817
21040313
07040111
06040210
18040118
13040411
18040120
18041219
20040319
06040318
18041810
16040214
07040513
21040312
09040126
16040618
12040310
15040329
20040320
20040324
08040325
18041020
20040321
23040106
08040222
22040305
20040325
18040608
18042414
18041115
18040318
12040107
18042112
15040330
07040721
02040412
11040141
10040318
18041433
05040424
10040221
18042627
18042626
23040119
18041341
01040430
08040244
20040340
18041740
06040330
21040128
06040639
02040146
12040323
05040626
18041145
09040863
09040763
09040438
01040647
08040530
22040141
02040337
07040327
16040104
01040703
07040205
20040206
07040505
02040144
18040632
02040333
13040137
13040341
15040238
01040233
18042632
23040238
09040167
08040155
18042331
18040940
14040754
18040731
21040133
16040539
21040334
16040134
01040643
18041143
08040156
15040429
02040145
12040812
06040649
05040624
06040829
18041828
21040924
08040150
10040432
06040419
09040155
21040229
06040137
06040727
21040825
01040226
06040726
01040227
09040855
10040322
09040681
01040228
18040136
08040250
14040933
10040229
03040522
02040321
14040326
17040165
18042329
12040931
18041241
18040627
23040125
08040427
07040527
18042836
01040528
16040126
09040582
01040324
12040122
14040117
16040531
14040934
05040523
15040364
18041439
09040683
09040756
18041522
16040336
09040682
13040136
03040336
18041037
02040428
02040137
15040363
09040156
18042534
08040151
18042228
02040322
08040152
14040325
15040147
23040236
07040638
16040532
18040626
13040233
22040134
06040638
18041825
21040230
03040337
02040323
06040728
16040436
18040634
23040131
12040324
02040149
14040123
18041630
18040929
02040101
06040302
21040901
21040101
06040702
17040104
07040101
15040101
18040901
03040502
05040503
10040301
08040104
01040401
22040201
20040302
01040604
22040202
13040101
09040101
18040104
14040703
04040101
18041702
18042401
11040103
21040102
12040401
05040602
06040401
03040101
03040302
14040402
03040102
18040902
18041801
02040102
18040402
12041001
05040302
20040303
14040202
15040302
18040403
09040706
09040848
09040572
20040237
13040130
13040425
18040134
18040432
18042732
18041739
05040221
01040525
09040426
14040743
12040929
01040526
18041520
11040138
09040849
23040231
20040142
02040422
18040934
05040328
06040721
09040148
10040316
18042830
16040629
18040528
04040233
08040143
12040716
12040321
09040225
06040132
15040139
06040631
02040526
16040528
16040434
18042831
07040731
23040118
12040512
01040429
11040139
09040226
06040520
01040714
16040630
11040140
15040357
02040423
09040573
18041133
20040439
05040329
15040358
18041034
18042624
09040600
05040438
02040432
11040156
15040431
08040159
08040158
07040643
09040766
12040421
20040444
01040720
03040432
15040242
13040345
21040135
14040328
18040340
15040379
06040429
14040125
03040347
09040696
15040240
13040236
09040697
15040372
18042841
11040152
03040133
16040447
18041528
18042128
18041928
10040434
05040334
06040641
14040823
16040438
18042330
08040428
04040238
15040365
16040535
01040326
20040150
16040437
21040828
06040640
12040932
16040128
06040237
11040145
22040314
16040440
10040127
14040638
09040856
22040416
05040121
22040135
08040354
12040517
07040528
22040234
08040356
03040427
01040229
16040534
18042029
18040137
06040826
15040425
10040433
22040522
16040337
21040525
12041031
18041826
05040430
08040251
18040628
15040366
07040127
07040233
08040355
11040209
09040684
03040339
07040639
18041929
20040349
18041138
06040642
02040325
20040148
15040148
14040747
16040129
04040125
20040350
09040758
01040325
16040533
09040857
20040151
07040234
09040584
13040336
07040529
09040158
16040127
03040338
13040234
02040138
20040440
18040729
02040324
06040238
09040157
08040429
20040149
18041242
18042535
16040634
18041440
18040236
21040132
12040518
02040229
18041523
16040536
09040159
16040439
14040118
09040585
03040428
09040583
18040237
18040730
09040858
23040237
20040317
14040107
08040113
01040502
15040368
18041525
14040119
08040253
12040720
18042838
09040162
05040713
18042537
09040589
16040443
03040217
18040630
18042127
01040231
18041243
17040168